0.4340545
-0.5051582
0.7159146
0.42865717
-0.43224216
0.910138
-0.18361521
-0.30315197
0.38440752
0.6367794
0.0654037
-0.8046107
-0.5206764
0.9895308
0.52825046
0.42167747
-0.047558665
-0.3472252
-0.92509043
0.22937012
0.38262904
-0.56071556
0.32405674
0.80822074
-0.69061196
0.09566426
0.520306
0.45855618
-0.45043147
0.9801748
0.9167155
-0.35486603
-0.13468385
-0.09199309
0.8956896
-0.4326979
-0.87613463
-0.31525564
-0.59035766
-0.6388991
-0.76313686
0.10156584
-0.61411905
-0.48788822
-0.15436304
-0.99382436
-0.13549948
0.06405878
0.3844279
0.94457483
0.05250621
-0.41352332
-0.8807857
-0.26498902
-0.5185422
0.58822596
0.6356232
-0.77972925
-0.5581975
-0.28574145
0.9590851
0.90096927
-0.5211588
-0.45904136
0.22351348
0.65513575
-0.5563692
0.102080226
0.67016566
-0.7854413
-0.34564674
-0.6130521
-0.25658083
0.6423999
-0.7561351
0.55618715
-0.78240037
0.9110148
0.48985648
-0.34560597
0.74800587
-0.11850524
0.07572746
-0.9621111
-0.9308295
0.6995797
0.668761
-0.2239716
0.07815921
-0.49098265
0.67586684
0.51594377
-0.4363091
-0.7803174
0.7798226
-0.09640622
0.80645263
-0.35145235
0.6618941
0.36631668
-0.066504
-0.42757225
0.63474274
0.72983766
-0.3663298
0.55716085
-0.6472454
-0.765888
0.32484603
-0.5872148
-0.94726205
0.24285138
-0.9457091
-0.82091916
0.09428263
-0.04957819
-0.90893793
-0.3222816
0.3007928
0.77282846
-0.3516009
-0.5450592
-0.10714686
0.46042407
-0.3941344
-0.05692339
0.13278913
0.5757122
0.24873686
-0.9852109
-0.7278346
0.8213073
0.28197777
-0.8852041
-0.5243108
-0.5235832
-0.27959216
0.72900486
-0.7292955
-0.49619222
0.94790936
-0.3319341
0.44936943
0.38993382
-0.010301948
-0.9453063
0.022895455
-0.18569696
-0.1127218
0.31458855
0.1601299
0.44053936
0.714332
-0.45355594
-0.80372965
0.18625963
-0.4021318
-0.7923583
0.75321877
-0.9965303
-0.31924057
-0.507962
-0.20242536
-0.35663414
-0.18301928
0.44357467
0.48579454
-0.7993208
-0.6145942
-0.69657063
-0.18195498
0.48758423
-0.6783711
-0.032660127
-0.33569884
0.6723844
0.44742584
0.25703907
0.25851095
0.33272314
0.9027666
-0.18015122
-0.5508678
0.41753757
-0.28106272
-0.35068393
-0.38631654
0.92771363
0.6797744
-0.76380146
0.60420084
-0.51714575
0.5410392
0.0136015415
0.47064567
-0.6636081
0.2587427
-0.96810246
-0.10422766
-0.5597125
0.32325745
0.49813962
0.75789034
-0.5162232
0.7384746
0.63995683
0.8940946
0.10894108
-0.77684426
-0.5453168
0.14085257
-0.21255064
0.53289294
-0.5928029
-0.38439155
0.45934916
0.8436582
-0.7205789
0.29529524
0.91029525
-0.399328
0.5910187
-0.99835515
0.7671982
-0.1683197
-0.55648863
-0.41014087
0.5502492
-0.79290736
-0.21246135
-0.22120106
-0.9821062
-0.48593414
0.6270406
-0.49234068
-0.22256482
0.7308413
0.7345332
-0.56204057
-0.14877486
-0.62741756
-0.042734027
-0.64512515
0.6928024
0.54105556
0.27992904
0.0068194866
-0.8460338
0.5719073
-0.80435836
0.9714726
-0.19758344
0.66613996
0.5860764
0.023821354
0.54133964
0.7960768
-0.105762005
-0.88101315
-0.04929936
0.21575427
0.58478427
0.8217658
-0.37864816
-0.2545297
0.27097213
0.73502207
-0.18070996
0.21678233
-0.71261024
-0.4360658
0.524729
0.7235632
-0.69490874
-0.889153
-0.5263525
0.7140714
0.46827626
-0.949257
-0.95608854
0.27438974
-0.20345616
-0.122719646
-0.64693177
0.0252707
-0.5812907
-0.74623287
-0.9699887
-0.118364334
-0.2998314
-0.88263583
0.66277075
-0.20929646
0.44500804
0.5352813
0.83793163
-0.38101387
-0.33242
0.28864086
-0.7904941
-0.21907592
-0.070372105
-0.6521094
0.57793725
0.6899637
0.68248963
-0.3699957
0.20787561
0.46313274
0.4911685
-0.73875046
-0.46998918
0.045384526
-0.5726981
0.093254685
-0.38960338
-0.5030991
-0.021787524
0.6840122
-0.5210322
-0.97830176
0.15396559
0.9209044
-0.4502368
0.10655594
0.64618564
0.14227223
-0.8040465
0.015432239
0.6644417
-0.46032512
-0.03025186
0.7543076
0.04581666
-0.4009111
-0.54863214
0.17989147
0.09956908
-0.48121703
0.2693975
-0.8507935
0.90208745
-0.88086486
0.23964727
-0.90651965
-0.46567154
-0.16461682
-0.93384767
0.6562998
-0.47305667
-0.09167743
-0.048171997
0.10039532
0.8811823
0.2595638
-0.029721618
0.90437865
0.77219737
0.31557298
0.027503729
-0.4371624
0.39071012
0.028596997
-0.94894516
-0.5027127
-0.8645656
0.043169737
0.12834835
0.23982954
-0.013292193
0.60117054
0.820904
-0.3096578
-0.6679518
-0.16578329
0.7371613
0.5705097
-0.77526605
0.22179115
-0.024401546
-0.48584843
0.29349184
0.7389225
0.2505051
-0.98418915
-0.68831897
-0.5989218
-0.552281
-0.10375953
-0.12190914
0.8234149
-0.99449956
0.09344947
-0.43520737
-0.57795143
-0.90045583
0.93420124
0.08660662
0.039340734
-0.33884716
0.84562325
-0.11966455
0.38349473
0.06701136
-0.34404767
-0.16201985
0.6235633
-0.878531
-0.15753138
0.3547026
0.7634641
-0.03740573
-0.27604592
-0.9659306
0.9883795
-0.794721
-0.5675458
0.3161788
0.36914098
-0.9133333
-0.6506318
-0.10570526
0.8809147
0.5346018
-0.19746006
-0.42739975
0.3829484
0.46577454
-0.7244327
-0.35628176
-0.8537719
-0.9032022
0.15462315
-0.92571986
0.23088396
-0.95485497
0.44135344
0.8660742
-0.09488988
-0.31961608
0.73425055
0.64144826
-0.02701521
-0.5025985
0.8050252
-0.6592921
-0.69921064
0.001378417
-0.12839377
-0.46637702
-0.2264359
-0.6647856
0.8927475
0.55910087
0.89695513
-0.2676859
-0.2978356
0.38631988
0.625144
0.057055473
0.90711606
0.9379569
0.0072250366
0.41683328
0.82275224
-0.36886585
-0.006218672
-0.8317715
-0.77693796
0.032702446
0.7810949
0.42795384
-0.93297696
-0.4432466
-0.14445066
0.3884442
0.8481399
-0.99815965
-0.7934921
0.5083147
-0.8339591
-0.04073
-0.640785
-0.4743352
-0.08976364
0.21917224
-0.38334382
0.64537776
0.3573419
0.2789079
0.5489892
-0.85820496
-0.94193494
-0.68665946
-0.1482569
0.10306716
0.87351596
0.18853283
-0.6942673
0.5677705
0.35307646
0.7914959
0.05516219
0.46547043
0.8672204
0.9929203
0.36759007
-0.7689054
-0.09231496
-0.30572152
-0.8417325
0.63182044
-0.775872
-0.033065677
-0.3469534
0.9384481
-0.11793935
0.17461085
0.61963713
0.9570755
-0.60449576
0.59696186
0.23584521
-0.6217909
0.26245224
0.0053954124
-0.19640982
-0.6645112
-0.5002043
0.47338092
-0.47619653
-0.6656208
0.1301037
-0.13348758
0.6734365
0.73312926
0.35906756
0.98970056
0.14709306
0.32892334
0.10856116
0.3028829
-0.77716243
0.16826057
0.11927223
0.952091
-0.6218642
0.56497765
0.28263903
0.8516059
0.008909702
0.33537638
0.077932954
-0.77700186
0.64598393
-0.038711905
-0.7352029
0.6332828
-0.40144837
0.72158957
0.592397
0.4258561
-0.5271561
-0.94158006
0.13233852
-0.45460236
-0.03600049
-0.40280008
0.42191947
0.6394539
-0.0109514
0.8447306
0.8363043
0.1001209
0.30051875
-0.7292502
-0.5544344
0.38375962
0.07314849
0.8616798
-0.5239122
-0.24981296
0.15263069
0.795985
0.13685107
0.18205285
-0.70348454
-0.01068306
-0.73195624
0.18536985
-0.8778708
0.6114173
0.4081353
-0.20425725
0.032958865
0.20502865
-0.49124384
-0.13648486
0.46245492
-0.47684634
0.6762345
0.91478884
-0.12269485
0.814535
-0.33507824
0.0599612
-0.09118998
-0.95372415
0.2548734
0.23868799
-0.20413125
-0.31502855
-0.45832217
-0.0040141344
0.8205166
-0.024234176
-0.2753867
0.76673925
0.2737012
0.39160538
0.79326284
-0.86284626
-0.6560123
0.4707998
-0.23745406
-0.13111067
-0.5055804
-0.54241264
0.50195956
0.68462944
0.025987148
0.6165577
-0.9314972
-0.8926165
-0.32246602
0.2400049
-0.32776666
0.42713737
-0.020776033
-0.5068228
-0.61383736
0.65736496
0.29305434
-0.31404018
-0.72841704
0.24792743
-0.6327522
-0.1546619
-0.67899156
0.9643463
-0.8803549
-0.23003376
0.45869505
0.46124625
0.24111366
0.07386589
0.33724058
0.11070728
-0.52986896
0.2769022
0.8144016
-0.9938868
0.15904939
-0.26530027
0.87552774
0.43944037
-0.41137874
-0.9793141
-0.9084389
-0.7773719
0.83731854
0.15413034
-0.12250841
0.65416515
0.56838346
-0.97006786
0.78083825
-0.29367316
0.9351083
0.1041733
-0.31905782
-0.73292017
0.6893039
0.32277513
0.22092843
-0.7150215
-0.3534366
-0.51772726
-0.27143657
-0.92989075
-0.8149748
0.41450953
-0.71835446
-0.32093477
0.13212192
-0.64379597
0.34704328
0.28544593
0.7674705
-0.29358494
0.19578385
-0.4780966
-0.5065098
-0.15025961
0.7634313
-0.49986994
-0.1724261
0.7896917
-0.57050323
-0.31019926
-0.73508894
-0.18001127
0.7219206
-0.62433565
0.032132864
0.82186866
0.744782
-0.72596824
-0.6956234
-0.70135033
-0.79137814
-0.68372977
0.35420763
-0.6311945
0.15150702
-0.2629348
0.7545594
0.50122535
-0.43788505
0.80978787
0.443066
-0.54008687
0.20042682
-0.11910224
-0.5054556
0.547735
0.12214911
0.60590255
0.68155885
0.34242713
0.21619153
0.566131
0.27304173
-0.6838474
0.83376634
-0.26153457
0.7913737
-0.121314645
0.5103384
0.316589
-0.72553384
0.30107272
0.14915693
-0.5060922
0.15933037
-0.03525269
-0.26177084
-0.753314
0.66075134
0.4233868
0.6468626
0.029807687
-0.60060596
