-0.6829151
-0.40936685
0.21817422
-0.79718673
0.29360175
-0.5998559
0.46723008
0.8358933
0.33314848
-0.5931598
0.2237972
0.32641733
-0.56957245
-0.93870854
-0.55477107
-0.15757346
-0.73717034
0.47550893
0.9469981
0.75177276
0.63056576
0.40395248
-0.18015897
0.6757202
-0.046587944
-0.7742808
-0.843547
0.37718904
0.6606742
0.44014716
-0.35339355
-0.4121834
0.8650334
0.2948271
0.1541667
-0.611611
-0.2705325
-0.66267717
0.77672315
-0.036979318
0.9448408
-0.81265604
0.27446043
0.5444075
0.1656642
-0.2864902
-0.53828573
0.282534
-0.059162498
-0.60172164
-0.8390759
-0.7394502
-0.63096976
-0.90258837
0.7591615
0.6386199
0.55514085
0.039090395
0.073100686
-0.8499068
0.0016202927
-0.06369841
0.066468716
0.15627193
0.79926026
-0.04051912
0.57819164
0.9696145
0.2554605
0.2709304
0.36938703
-0.0051897764
0.18939698
0.37582195
0.8990816
-0.24146521
0.21455479
-0.004528284
0.86429906
0.47878218
-0.9923445
0.0971061
0.918501
0.37167037
0.8232393
0.48186493
-0.5019772
0.34699917
-0.24455059
-0.41812205
-0.6198412
-0.4257139
-0.2204504
-0.72825825
0.6661645
-0.8895086
0.1382736
0.26468182
0.181193
-0.5976516
-0.20859432
0.52544904
-0.17918706
0.07462013
-0.55359507
-0.1418556
0.8163036
-0.41362143
-0.93494
-0.033488035
-0.939365
-0.29246545
-0.9660126
0.66688406
-0.9875537
0.49551082
-0.36060345
0.17120647
-0.08880377
0.7266184
0.74934316
0.3420204
-0.6160172
0.27906227
0.2363056
0.22674072
-0.54940164
-0.47347867
0.63224626
0.96013176
0.5416976
0.666124
0.6665044
-0.98212826
-0.30471277
-0.61317515
0.9692836
0.8280928
0.50510955
-0.77061176
0.5118104
-0.29938912
-0.26684415
-0.7256547
-0.11368048
-0.0047057867
0.4960158
-0.17237282
-0.200984
0.28300416
-0.5241735
-0.0054707527
0.057471395
-0.9026685
0.23223138
-0.58805704
-0.3128445
-0.34320593
-0.9007319
0.9483501
0.8228923
-0.13967383
-0.30600774
0.4141122
0.80909336
-0.08989346
-0.7483362
-0.18443263
-0.96695054
0.36261678
-0.99848545
-0.4689498
-0.15999496
0.30012667
-0.07028437
0.1121645
-0.72492254
0.98064256
-0.47928858
-0.12237549
-0.89053833
-0.12393904
0.559335
-0.24076772
-0.2128253
-0.16158652
-0.39491022
0.20074952
-0.3695295
0.4165089
0.26393378
-0.4474808
0.32990384
-0.46495605
-0.5146384
0.13089812
0.7879646
-0.9183053
-0.43670237
-0.26367593
0.5586449
-0.057597876
-0.2656796
0.29286706
0.11087322
0.97984076
0.81828785
-0.23764324
0.029345393
0.94500685
0.46305108
0.50583947
0.046049833
-0.29171145
0.6213846
0.7536491
-0.12990475
0.13688135
-0.054444432
0.2734884
-0.5410311
0.85380566
-0.96965194
0.19554865
-0.6360476
-0.3048488
-0.27760994
-0.70193136
-0.2947508
-0.57716
0.05204165
-0.059717536
0.21382964
-0.08224726
0.39993203
-0.15185165
0.54869795
-0.7786839
-0.8942721
-0.2614689
-0.90185225
0.24269569
0.34040177
-0.5321655
-0.054286957
0.31489336
0.32990813
-0.79909456
-0.72365165
-0.041098714
0.22878611
-0.26395142
-0.22747946
-0.12556756
-0.45595014
-0.6558275
0.4662515
0.2737168
0.10632551
0.5676136
0.9408635
-0.052249312
-0.5636941
0.6915306
0.99063385
0.9197843
-0.12376237
-0.106384516
0.029402971
0.99756753
0.12059748
0.27318442
-0.7217063
0.064020276
-0.48412645
-0.53329444
-0.44777203
0.40687454
0.59119797
0.8129275
-0.79474175
-0.07595992
-0.7294897
-0.9922874
-0.7074852
0.57679117
0.8002206
-0.11161065
-0.5253178
0.20244062
0.9575051
0.94313943
0.74851644
-0.2717049
0.09317863
0.91706026
-0.7406254
-0.7830694
-0.8244505
0.5788176
0.67070115
0.068044186
-0.43994796
-0.55284274
0.6687833
0.43437922
-0.30772185
-0.28679907
0.9130039
0.58983576
-0.50594056
-0.57814896
-0.7473453
0.009428382
-0.42549932
-0.58552134
0.37779105
-0.54292274
0.59760225
0.83732355
0.7164812
0.88339436
-0.27115536
-0.03110528
0.70328116
-0.35203183
0.83461094
0.52958107
-0.7007654
-0.9832375
-0.5633905
0.8533608
0.5238061
-0.6560745
0.90079045
-0.2980988
0.8517773
-0.5913446
0.19514823
0.993654
-0.37256408
-0.5968914
0.16802597
-0.75575817
-0.44526672
-0.30076516
0.71910954
-0.45980394
0.14213085
0.18473113
-0.34352148
0.89789927
-0.5725087
-0.64392555
0.30838954
-0.0733912
-0.9992721
0.9761716
-0.90233684
0.88314867
0.305403
0.71311903
-0.044344783
-0.9280505
0.3667065
-0.6762713
-0.5259328
0.73456
0.8001287
0.46092558
-0.4551798
-0.75427234
0.4468187
0.67918813
0.5556369
-0.22187006
-0.091522455
0.579455
-0.7171328
0.335513
0.17331338
0.94820213
0.90071845
0.93632793
0.39797425
0.1597681
0.110928535
-0.9598576
-0.39237988
-0.23719382
-0.45118642
0.3616041
0.8727789
0.07855165
-0.7434504
0.8572408
-0.40099847
0.5992296
0.20476711
-0.22413743
-0.48852313
-0.93051803
-0.68242085
0.64197147
-0.77417636
-0.7765182
0.09877777
0.33285582
0.86864424
0.37801015
0.30914247
-0.015362978
-0.1462667
0.37102556
0.903882
0.32240736
-0.1550138
0.8912314
-0.04132998
0.6879513
0.26417243
0.053176403
0.102330685
0.099826574
-0.04376197
-0.59791994
0.19997287
-0.7794895
0.23830092
-0.5683048
0.014542341
0.2508284
0.3689046
-0.5028329
-0.7041333
-0.8188088
0.22553897
-0.1856296
0.3390832
-0.8082714
-0.17869008
-0.54983926
-0.6901344
-0.4700929
0.2825805
0.9982115
0.49938858
0.15663338
-0.48868382
0.45768023
-0.24901903
-0.3766383
0.33787155
0.92320764
0.35270667
0.83779824
-0.692539
-0.42773855
0.13167703
-0.059867382
0.018185735
-0.6015707
-0.110987425
-0.17771447
0.2281568
0.7670208
0.90755045
-0.21236908
-0.23192906
0.5235816
0.4324025
0.40749788
-0.9660182
0.70923114
-0.19168556
0.25417984
-0.20041692
-0.64705324
-0.4452517
0.38012397
-0.009014249
-0.9749069
0.923188
0.20265949
-0.47114015
0.33497655
-0.5788455
-0.09251809
0.38832414
0.10557175
-0.93019736
-0.8021296
-0.4122678
0.10962999
-0.39097333
0.8172016
0.2314229
0.8332393
-0.045743108
-0.082031965
-0.75729096
-0.64312387
0.57732666
-0.7693629
0.6822692
0.0026471615
-0.579038
-0.17897367
0.11031246
-0.43639112
0.90985525
-0.23264325
0.28131294
0.66182697
0.6944411
-0.37900996
0.42688072
0.81255233
0.21616662
-0.6474893
0.76085377
0.120099545
0.9312581
0.47298062
0.8125988
-0.0044391155
0.14598787
0.035826325
-0.65231943
-0.052552342
-0.37123358
0.6761199
0.46365285
-0.7849541
0.35777998
-0.8295605
-0.14688098
-0.06671333
-0.5216125
0.17274308
0.013050795
-0.43890738
0.47934353
-0.19828236
0.5615369
-0.3224542
-0.89535964
-0.8439274
-0.08021295
-0.06184745
-0.89186347
0.18069041
0.9537418
-0.7454479
0.7971616
-0.30586994
-0.8223256
0.16403306
0.7212405
0.9436475
-0.36039746
0.22028375
0.8214705
0.43586373
0.37930155
0.17522562
0.9996716
-0.31107283
0.5246129
0.12614131
-0.81475055
0.1861744
-0.27277827
0.8464496
0.5190052
-0.56613684
-0.8019935
-0.34253895
-0.15957594
0.41972542
0.45361233
0.66860974
0.01804328
-0.25068533
0.80542445
-0.46742535
-0.7826544
-0.35087562
-0.70870996
0.32820117
-0.47047985
-0.7538415
0.2570263
0.37829578
0.7158922
-0.028731465
0.13310575
0.092515826
0.54161155
-0.4724275
-0.47767282
0.9402925
-0.68067884
0.0863477
0.8233826
0.8288394
-0.94372773
-0.2771057
0.97593045
0.19188476
-0.14977956
-0.38279545
0.14420342
0.47215152
-0.07980251
-0.71670747
0.28372335
-0.8276185
0.55392385
0.65244985
0.49099326
-0.19532883
-0.87353444
0.84643984
-0.8430147
0.71615124
0.67326844
0.09493995
-0.5240172
0.52191913
0.9196886
0.666831
-0.5477452
-0.3738016
0.46958876
0.6179216
0.7547796
0.73379433
0.4847591
-0.6396563
-0.44230974
0.3010956
0.74836123
0.81435454
0.74041665
0.28549266
0.75905085
0.5260881
-0.21795058
-0.65830004
0.36392057
0.47062707
-0.44911635
0.5819205
-0.5198065
-0.81444895
-0.44969702
-0.75584066
0.4061948
0.8040775
-0.46970737
0.9605887
-0.033689737
-0.08151162
-0.38970923
-0.07170558
0.81341255
-0.025554657
0.99046576
0.08179557
0.32286894
0.07697475
-0.83228374
-0.44448316
-0.991742
-0.787428
0.43887615
0.2912401
0.78006756
0.523473
0.89216876
0.8580264
0.8209623
0.50537753
-0.5094875
-0.54096854
-0.31306398
0.96573734
0.07475066
0.03110516
-0.55866635
0.9343436
0.9053787
0.41038942
-0.67689395
-0.84918153
-0.13172066
0.13290548
0.43274903
-0.5145674
-0.25001895
0.73716223
-0.86353755
0.93239343
0.50392485
-0.10879302
-0.055358887
-0.56841886
0.55029476
-0.4843899
0.27465844
-0.4599085
0.6535311
-0.1658045
-0.8239676
-0.76539683
-0.51465607
0.25473583
-0.6492603
-0.7435533
-0.30523467
0.7423966
0.8711834
-0.6784537
0.16466892
-0.7392286
-0.7321079
-0.8534447
0.53662384
0.56147146
-0.83056235
-0.9387541
0.33959472
-0.47274613
0.6255883
0.48747277
-0.12428057
-0.8793366
0.48486054
-0.19997764
-0.98264337
0.24645782
0.73917747
-0.89116216
0.2791612
-0.7307384
0.25728798
-0.08882332
0.8787788
-0.91322625
0.6272285
0.98316133
0.32773244
0.3735242
0.39491177
0.47113407
-0.35565948
0.49195564
-0.5443001
0.09367585
-0.7965411
-0.49091578
-0.98045194
-0.60420513
0.09011078
0.4319836
0.87527657
-0.1404103
0.5685533
-0.8610624
-0.27074993
-0.34614658
-0.21583581
0.27162004
0.44798076
-0.7869539
-0.64188766
-0.41530788
0.008939385
-0.480453
0.29574132
-0.27843642
-0.06857169
-0.20095992
0.19682968
0.17883265
-0.3517499
-0.2644981
-0.37645233
-0.8015666
0.573866
-0.291003
-0.44961464
0.62833846
0.066791534
-0.07295382
0.8962357
-0.6563544
-0.22960472
-0.33932614
-0.5649445
-0.17493606
0.30055332
0.64256215
-0.9827546
-0.062430263
-0.55945134
-0.39850712
0.5344825
-0.89412546
-0.9308083
-0.009845495
0.85782766
-0.005815387
0.30965364
-0.66062593
0.9104339
0.7956059
0.8224516
0.999112
-0.15378976
-0.5672239
-0.088814974
-0.005416274
-0.8552321
0.7584939
0.9549935
-0.4446535
0.35750866
0.39705348
-0.4254315
-0.18192983
-0.28728223
-0.36120033
-0.5175873
-0.956807
-0.82187486
-0.9716166
0.92266893
0.23621202
-0.33700716
-0.5110657
-0.6127504
0.6716609
0.5000179
0.29867315
-0.5245421
-0.14114463
-0.73191
0.5634632
-0.42768955
-0.12857437
-0.60563385
-0.63023996
-0.15887511
-0.37302947
-0.7914053
-0.8000499
0.89962935
-0.88044226
0.5207937
0.86999273
-0.32684302
-0.72178745
-0.9318538
-0.08732116
-0.85307956
0.08218491
-0.05254197
0.46502054
0.08168411
-0.1268779
0.4411291
-0.9071326
0.8793839
-0.9390099
0.38894928
-0.8513702
0.5096456
-0.7483432
0.79304314
0.039069533
-0.7867546
-0.6123526
-0.08691394
-0.20919871
0.21910489
0.9791951
-0.63610053
-0.5659652
0.23842275
0.6310047
-0.77566445
-0.34601557
0.4803022
0.59311104
-0.13212621
-0.16062248
-0.52876747
-0.73497736
-0.99927497
-0.17508364
-0.6841996
-0.22453368
0.51784456
-0.703017
-0.87593865
0.7911829
0.4427532
0.80814016
0.22434652
-0.5456748
-0.008667111
-0.29384303
-0.7925559
-0.78271735
-0.8130498
0.8887054
-0.30616403
0.7756444
0.35474718
0.28810334
0.5210062
0.2652353
-0.9566232
0.295362
-0.48996794
0.38965106
0.67573535
-0.8456074
-0.55675495
-0.28630042
-0.36450922
-0.31811357
0.87745905
-0.4399346
0.07882726
0.7636608
-0.903864
-0.12293732
0.9524536
-0.0069924593
0.19115353
-0.7685126
0.33744943
-0.119140744
0.93907046
-0.6194929
0.06808829
0.39272714
0.9327233
-0.62028635
-0.2542194
-0.4540485
-0.8623558
0.111593604
0.83733857
-0.39333987
0.6114292
0.7217052
-0.02319336
-0.48596835
-0.84366715
0.51199436
0.25022507
-0.23365605
-0.06922948
0.17638147
-0.09167278
0.64641917
-0.059895992
0.21871507
-0.69507074
0.6422988
-0.56667805
0.34436786
0.98655355
-0.18764079
-0.22146463
-0.5276511
-0.24421895
0.013945341
0.7613319
-0.28572297
-0.40266967
-0.99645925
-0.5129813
-0.3193953
0.8985628
0.8483169
-0.6321379
0.3050574
-0.87209606
-0.43128288
0.89315057
-0.94144166
0.67468596
-0.05417061
-0.9769887
-0.98160326
-0.072450995
-0.25670326
-0.21757972
-0.6372206
0.8074367
-0.23979819
-0.21796799
0.102119446
-0.7867421
0.9788474
0.43582857
0.3946836
0.42762518
-0.7890519
0.21691418
0.8149718
-0.8829124
-0.029964447
-0.31692243
0.16917253
0.7026173
0.48068786
-0.33972144
0.6351402
-0.46535265
0.7316011
-0.0015031099
0.42781746
0.3518654
-0.9741471
0.97018266
0.1693027
-0.790396
0.5955465
-0.41712177
-0.47844803
0.61369705
-0.67180395
0.896713
-0.7040336
-0.42302847
-0.42120504
0.6029141
-0.40395963
0.22226012
-0.72416854
-0.48399925
-0.98370564
-0.71166134
0.21415365
0.80094504
0.4835906
0.26016402
-0.513628
0.39456177
-0.01241672
-0.94491386
0.64249444
0.54124045
0.7386849
-0.628502
0.3710494
-0.8433678
0.7790028
0.47102773
-0.46835816
-0.9749489
0.8499037
-0.24845457
-0.7124646
-0.0505687
0.5161599
0.8138062
-0.7824627
-0.11481249
0.8192228
-0.42634225
0.74051046
0.93605256
-0.22949123
0.47476244
-0.64417124
-0.3381052
0.020364165
0.070388675
0.26285207
-0.6070516
0.30157638
0.6298872
-0.67289305
0.765309
-0.46891284
-0.64486897
-0.6533549
0.24873853
0.57442725
0.039857388
-0.34340477
-0.5542029
-0.019991755
0.25214148
0.59204376
0.9733393
-0.14825404
-0.54495394
0.7891718
-0.97800386
-0.64325976
-0.1030252
-0.8966571
0.61117697
-0.9006318
0.0017899275
-0.29681468
-0.8426143
-0.79515433
0.6759937
0.085445166
-0.55049014
-0.05395758
0.13908494
-0.94839954
-0.6702601
0.15030253
-0.80724144
-0.41976178
0.322657
-0.4973396
0.30027366
-0.2134099
0.8038254
0.8138838
0.38074398
-0.6687771
0.87518847
0.9731467
-0.8278208
0.5537666
0.3962214
-0.18594742
-0.37403357
-0.123934984
0.2419051
-0.3213513
0.7145275
-0.4651736
-0.88784003
0.7876824
0.81975317
0.14056754
-0.45030427
-0.6313747
0.48539448
0.87245524
-0.6622052
-0.860888
0.63101697
-0.95610964
-0.59387064
0.5068811
-0.38619578
0.3289243
-0.3126737
0.57374716
0.96904707
0.92367256
-0.88809717
0.5975523
0.8484919
-0.59011674
0.8329239
-0.6193725
0.6019645
-0.048959613
-0.28096783
0.5554948
-0.4877596
-0.17256618
0.686404
0.8990774
-0.797369
-0.8706889
0.25393975
0.6274884
0.9040874
0.88164735
-0.8448646
-0.36223757
0.71294296
0.956532
-0.5656445
0.43511498
0.71708953
-0.89273345
-0.6393372
0.11018002
-0.15092087
-0.61917603
0.031217694
0.3371277
0.37722528
0.36241043
-0.31294882
-0.3911898
-0.18558407
0.28882074
-0.33847928
-0.501421
0.8594017
-0.57131946
-0.68302906
0.86086106
0.8434603
0.44133222
0.24532783
-0.19407272
0.49942935
-0.85285974
-0.9829378
-0.20825744
0.06929445
0.50667965
0.6199267
0.08179867
0.596212
0.13222528
0.8501251
-0.5318917
-0.6113359
0.64098465
0.8763778
-0.06997025
-0.8137053
-0.81428826
-0.7797929
-0.29949498
-0.5070143
0.92601943
0.86846554
0.9810722
0.27330077
-0.3245443
-0.802333
0.75637734
-0.9598129
-0.10094583
-0.95867026
-0.6902069
-0.9923191
0.3486873
0.424816
-0.8326285
0.061434507
0.39546502
-0.76317704
0.36215854
0.8375864
0.31723
0.06874728
-0.28940666
0.12844563
0.9736965
0.45490098
0.8542385
0.48957145
-0.71791553
0.2664852
0.3016709
0.551221
-0.6965023
-0.31487846
0.7964281
0.78821623
-0.54259753
0.29859924
-0.2418189
-0.06732571
-0.9278194
0.86959195
-0.9522698
-0.21334004
-0.89105225
-0.6690583
0.17519927
-0.22422373
0.19997835
-0.18152809
-0.38060045
-0.5445858
-0.8602749
-0.0198133
4.3606758E-4
-0.47952652
-0.5455934
-0.5285983
-0.67580044
0.26472688
-0.26446795
0.18736315
0.80462766
0.38177824
0.9148629
0.28299427
0.3069787
-0.6038488
-0.2742318
0.92458606
0.21354854
0.6670704
-0.8374777
0.7077941
-0.5057752
0.0318681
-0.9800849
0.11371398
-0.49877942
-0.13020837
0.5569222
0.7698704
-0.93529177
-0.804301
0.24767625
0.8016665
0.9395937
0.7683524
-0.4905504
-0.4755211
-0.32971966
-0.042360663
-0.439152
0.11566031
-0.8418238
0.0032125711
-0.72472024
0.8539927
-0.67465615
0.46412992
0.44756675
0.8126309
0.48779976
0.16173911
0.4591366
-0.51243305
-0.3645327
-0.7808223
0.36465776
-0.65937304
0.5459006
0.26958215
-0.83342075
0.3937683
-0.6499325
-0.68317425
0.0113892555
-0.7540209
-0.83359206
0.7689532
0.53134334
-0.23233438
-0.89896226
-0.08663678
-0.8519863
0.48855805
-0.8144697
-0.44166982
0.21059418
0.7186445
0.6286514
-0.87194204
-0.99494636
-0.23154283
-0.4345659
-0.5252476
0.36377883
-0.53752637
0.7980261
0.774083
-0.46562815
0.3209449
-0.12898695
0.71901226
-0.38290763
0.33091545
-0.72611606
-0.15329862
0.020641446
-0.19744635
0.2106477
0.15568733
0.56439686
0.23444092
0.84829855
0.53366077
-0.09809291
-0.13031793
0.41006148
-0.83589745
-0.5332315
-0.6516261
-0.8944284
-0.3368554
-0.95948637
0.84210706
0.409078
0.77294517
0.9866668
0.74005306
-0.639665
-0.032487035
-0.8592521
-0.55268395
0.6542913
-0.8195951
0.029055953
-0.5856296
-0.38057196
-0.6835412
0.52712524
-0.94241464
0.606362
0.44334304
-0.93936944
0.8273052
0.6950532
0.16109633
-0.9226749
0.060247183
-0.61114407
0.1131438
0.6396309
0.30184197
0.53616345
-0.16911209
0.74636114
-0.9573983
-0.92375505
-0.09746659
-0.687443
-0.022073984
-0.653008
-0.9617934
-0.17635226
-0.6735511
0.15189183
-0.9131999
0.52042174
0.93787265
-0.8739134
0.9707228
-0.16779518
0.053227305
0.26254714
-0.72551596
0.70600927
0.9709165
-0.11383939
0.6896932
0.8093178
0.4992653
-0.44591546
-0.5732498
0.4249357
-0.92465043
-0.99546754
0.20262158
-0.39944768
0.5916648
0.59390867
-0.43870592
0.9371339
0.24396324
-0.09412849
0.541651
0.7540965
-0.30114877
0.16867018
0.4457755
0.4917153
0.33827567
-0.40657282
0.45443857
0.61998487
-0.31415522
0.09162545
0.7674111
-0.68301225
0.9292911
-0.5781336
-0.09784746
0.33883572
0.9528153
0.5621842
0.7595016
0.18873739
-0.13269758
-0.055697083
-0.540375
0.5473108
-0.28349257
0.59088814
0.072307944
0.37371194
-0.9594834
0.6680485
-0.07441795
-0.16741502
-0.85236907
-0.46373105
-0.20516992
0.73156667
0.29204452
-0.8819238
-0.023736954
0.2356919
0.14333224
-0.10426307
-0.034313798
0.8073685
-0.21293485
0.73413396
-0.4663645
0.43368912
-0.50762475
0.15085351
0.6554271
0.8580767
0.25673938
-0.18309915
0.6697962
0.62316453
-0.018322706
-0.31195486
0.7592646
0.9302492
-0.507287
-0.009464979
0.3320471
0.5826858
0.5963602
-0.4009812
0.0083293915
-0.65744853
0.22581422
0.4634087
-0.051481485
-0.09063172
-0.61850727
-0.48915708
0.38921857
0.22547197
-0.90518045
-0.25421333
0.062107086
-0.99518013
0.76221776
-0.49614096
-0.8442688
0.13197851
0.7959224
-0.5773493
-0.45911443
-0.9717035
-0.8400315
-0.35370505
0.9233303
-0.8433255
-0.29919064
-0.91816986
0.6260308
0.7399814
-0.4039986
-0.29234767
0.95601416
0.4873469
-0.75898814
-0.43794954
-0.8962915
-0.07512176
-0.3605199
0.2086432
-0.3130859
-0.13837993
-0.8215326
-0.6875355
-0.77475655
0.91788614
-0.46413267
-0.8763448
-0.24191642
-0.9872364
0.51698935
-0.15531647
-0.34970558
-0.35679305
0.64239514
0.27242875
-0.57842183
0.8625263
-0.7433882
-0.9897188
-0.34935737
-0.46369505
0.4008963
-0.27917075
0.013071299
0.9551983
-0.5474597
-0.84880674
0.08759642
-0.2657733
0.9943024
-0.6436957
0.3908863
-0.57406926
-0.8872968
-0.95260906
-0.7360996
-0.9998405
0.5616207
0.21181679
-0.27252865
0.6576718
-0.6473304
0.025658488
-0.34856617
0.9906888
0.38722658
0.08274913
-0.15301931
-0.2950958
-0.07604337
-0.40474153
-0.2911321
0.6792934
0.833817
0.514475
-0.57823324
-0.4513011
0.7415246
0.54072225
-0.47115302
0.01719129
0.95439005
-0.6659986
0.77223027
-0.7035736
-0.6414844
-0.47104537
-0.10785437
-0.7572664
-0.30287123
0.5572829
-0.24138653
0.5507982
0.4710617
0.9772967
-0.54335225
0.6431149
0.40808606
-0.27548254
0.30996478
-0.6532663
-0.51674676
-0.81885815
0.2718804
0.027253151
0.9400797
-0.501068
-0.49535847
0.2908826
-0.07787812
0.51415575
-0.41477048
-0.31373453
-0.90777576
-0.28972745
0.7983594
-0.16254544
0.06476152
-0.1088984
-0.006147027
-0.8019526
-0.66695786
-0.06758523
-0.010062337
0.99534154
-0.4755261
-0.37727296
0.39669764
-0.92496157
-0.19888878
-0.84478533
0.82153
0.1853422
-0.25990927
0.2941202
0.9139179
0.95933855
0.43072116
0.14392245
0.7292702
0.45262837
-0.677608
0.3623979
-0.03361571
0.836915
-0.2839706
-0.3248154
0.19190419
-0.21158004
0.03380394
-0.20345855
-0.95414126
0.5727184
-0.8942816
-0.0031352043
-0.63087976
0.9261652
-0.18767345
-0.7283548
0.3568095
-0.03889489
0.31117666
-0.4203863
-0.72207177
-0.3486514
-0.3020941
0.18180299
0.47372043
0.44104254
-0.085262656
0.51132464
-0.37541878
0.40037763
-0.22076762
0.050303698
-0.56684935
0.64314723
-0.4194727
-0.26868725
-0.40882635
0.7228309
-0.6487887
0.7927648
-0.7323184
-0.9843097
0.8989923
-0.29074097
-0.6298119
0.042671323
0.3581177
-0.27171564
0.88928413
-0.08072102
-0.5628196
-0.8553355
-0.95309365
-0.9221355
0.8947141
-0.76435506
-0.55746984
0.7849997
0.92038465
-0.20423901
-0.45125926
0.2641641
-0.952626
0.5160558
-0.22654092
-0.8016082
-0.36324584
-0.3574685
-0.18782079
0.57765627
0.6795198
0.05087447
-0.50219655
0.101692796
-0.86499214
-0.75330806
-0.9378172
0.26198566
-0.09954882
0.03219962
-0.6973305
0.6993792
0.076391816
-0.6078075
-0.84448814
0.14000928
-0.096096516
0.29618275
0.57865524
0.107102156
-0.29445612
-0.12700057
-0.69140196
0.425956
0.6224407
-0.8966446
-0.74521637
0.301695
-0.17906022
-0.35938072
0.2122209
-0.7470032
0.21605778
-0.51277184
-0.20348549
0.5100124
-0.64588594
-0.5679673
0.5293884
-0.5075426
-0.20187342
0.83186364
0.7274953
0.81693065
-0.29213822
-0.53059196
0.079460144
-0.13526464
0.99908996
-0.158916
0.74859464
0.47792745
-0.14285374
0.85616624
0.63069403
0.8283107
-0.021929026
-0.87357616
0.553159
0.18922615
-0.117550254
-0.110325456
-0.8449631
-0.7179327
-0.68516636
-0.73210585
-0.2246803
-0.6014221
0.083821654
-0.33095372
-0.3568796
0.7274693
0.84929216
-0.6089246
-0.84142923
-0.36767364
0.1148963
-0.9027703
0.13406456
-0.78903127
-0.01696372
0.05600965
0.9947263
0.7694799
0.67966247
-0.34022796
-0.516168
0.10334253
-0.7828982
0.56781805
0.15875864
-0.7889042
-0.7492106
-0.7916553
-0.4224856
0.5714923
-0.22751522
0.6959194
-0.3470925
0.97335744
0.9968239
-0.6146761
-0.814922
-0.5404382
-0.9753399
0.22818148
0.4738438
0.8753028
0.64659214
-0.7035805
-0.53327036
0.22005975
0.18063271
0.78828776
-0.17044234
-0.8027568
0.3726536
0.5715506
0.25321066
-0.47799814
-0.8631848
0.90905786
0.25803602
-0.54651225
0.94167125
0.049867988
0.65796375
0.2119143
-0.22170961
-0.51859
-0.96231735
-0.7469331
0.35807848
-0.016970873
-0.67774105
0.4148686
-0.8852153
0.38810992
0.42982435
0.6147269
0.018434882
-0.1284697
0.65100586
0.7365477
-0.40405905
0.38340068
0.7565386
0.5575465
0.99738514
0.8321091
-0.23387933
0.7636678
-0.29175258
-0.9059341
0.09242821
-0.6938971
0.5021442
0.7399272
0.5859549
0.3589133
-0.4717543
0.39442444
0.43685925
0.029193044
0.7609527
0.29745388
0.4334358
0.60786545
-0.7085978
0.347216
0.6335683
0.6736971
-0.34804058
0.65266645
0.88220716
-0.30076277
0.23329926
0.40428436
-0.9825629
-0.8397573
0.2325033
0.22239184
0.16920197
0.5060531
-0.030439258
-0.3745799
-0.20637786
-0.02508521
0.99478495
-0.027683854
-0.5662837
-0.81575906
-0.49680054
0.30067873
0.49211836
-0.9786725
0.15243125
0.56338894
-0.7128036
-0.28356886
-0.41716588
-0.44905853
-0.5087745
0.48995507
-0.44652677
-0.50494397
0.7745917
0.002587676
0.58249176
-0.7665603
0.5662769
0.45669854
0.91877365
-0.3410436
-0.3427347
0.8354211
0.33347702
-0.20658171
-0.30461717
0.94023955
-0.9790468
0.56241906
-0.87090397
-0.102635264
0.41105366
0.580065
-0.05817318
-0.77218676
-0.8526143
-0.11069465
-0.42845488
0.7772211
-0.73654807
-0.41571486
-0.86685085
0.4216112
-0.26815784
0.036437035
0.76010394
-0.07158542
0.2679789
-0.4421426
0.26983857
0.36309886
-0.6071178
-0.2029388
0.053675294
0.47711563
0.3087747
-0.9620435
0.12194514
-0.63988364
0.78310776
-0.5414984
-0.46991372
0.8373269
-0.20697439
-0.07201815
-0.6901808
0.47170532
-0.36809218
0.23934972
-0.22493184
0.20135319
0.15720582
-0.024913073
-0.6844312
-0.5018177
0.15533829
0.21225405
0.08868027
0.14790404
-0.13780904
0.7367548
0.33472157
-0.7209388
-0.3897003
0.64156747
0.24229622
-0.15359652
0.6358479
-0.5567821
0.6529665
0.41900206
-0.8138132
-0.98918486
-0.3990904
-0.36508608
0.29397273
0.5394772
-0.6792582
0.14204156
-0.34429622
-0.07684946
-0.5803399
0.11040664
0.855214
-0.36987567
-0.7011757
0.61694133
0.24755073
0.5286691
-0.5698836
-0.70606077
0.86288416
-0.9478754
-0.03902936
-0.19843507
0.057207465
-0.83434856
0.4510001
0.91962874
0.83632755
0.36517572
-0.13495612
-0.37822342
0.9780489
0.49851298
0.68966746
0.44514024
0.5967797
0.67620444
-0.9580406
0.13042772
-0.38644803
-0.40656126
0.6448133
-0.0072672367
0.8474165
0.9040203
0.7021642
0.18458033
0.922359
-0.9066156
0.0774976
-0.8962606
0.8345591
0.8420973
-0.77773666
-0.8658085
0.4514861
-0.0626688
0.38673806
0.9256809
-0.82323396
0.19190848
0.54979205
0.033062816
0.92897797
0.9143801
0.907552
-0.7499567
0.02080822
0.61618984
0.752025
0.96293426
0.71582353
-0.24852097
0.14347064
0.6800785
-0.43171036
-0.6990347
0.33510458
-0.7958145
0.15796804
0.40427756
0.7521914
0.13181198
0.7139417
-0.48288465
0.17266059
-0.8083221
-0.76723266
-0.24619532
0.22217321
0.8577734
0.0463835
0.23672664
-0.59151554
-0.53814304
0.050249815
0.007373452
-0.3903799
0.23179126
-0.21559095
0.98641324
0.5357108
0.12730587
0.7480638
0.7603152
0.4494394
-0.35547745
-0.6433755
-0.19074976
0.0053522587
0.80752444
-0.8899931
0.8958491
-0.9895972
-0.96678364
-0.72047365
-0.5410805
0.17991984
-0.60021806
0.84154713
-0.71639967
-0.5661236
-0.19446266
-0.2511232
-0.23588645
0.22325718
0.5914732
0.85176206
0.5829773
0.97712934
0.21610391
-0.0685029
0.47820163
-0.39439678
-0.40451658
0.11963844
0.3658265
-0.4236313
0.61572385
-0.6706331
0.86861336
0.3032893
-0.7673532
-0.2363106
0.24348295
0.25129187
0.4171406
-0.2148174
-0.19765091
0.48537016
-0.80953884
-0.2126379
0.71654093
0.49208474
0.10742521
-0.29170847
-0.85152304
-0.49512482
-0.9452003
0.63872516
-0.9386313
-0.29856277
0.18598509
0.92218816
-0.054565907
-0.6497412
-0.45856154
-0.7985598
-0.27440214
0.00828886
0.51848304
-0.8304796
0.97039855
-0.6369797
-0.75320363
-0.8749629
-0.5744808
-0.6733458
0.27079093
-0.24217725
-0.9000472
0.9903507
-0.8076372
0.5060289
0.42151916
0.40202224
0.3234284
0.08895564
0.16571438
-0.38293982
0.45486724
-0.15258205
-0.70660317
-0.2305373
0.8657683
0.887499
-0.11443961
-0.89107585
-0.74567974
-0.04734075
0.94560206
0.041713476
0.73061514
-0.17188847
0.89052653
-0.40001762
-0.9853636
0.9511645
0.54313934
-0.24783707
-0.046407223
0.95913327
-0.13058639
0.26921093
0.11662781
0.005944371
-0.38791382
-0.9032167
-0.9718926
0.8294761
0.41759062
0.37738264
-0.66926885
0.4200033
0.63437486
-0.6492901
-0.62452495
-0.4518906
0.30343103
-0.32718265
0.24691486
0.83661556
-0.87530637
0.47930396
-0.33886385
0.14021754
0.5552784
-0.5748825
-0.5882125
0.019628048
-0.6019361
-0.47982538
-0.23829448
0.5113684
0.023785591
-0.19112647
0.3380059
0.30345035
0.01985228
-0.3182218
0.42393363
-0.90920174
0.8889277
0.13471484
-0.9313357
-0.7815914
-0.7243167
0.7858546
-0.04451585
-0.20281327
-0.042059302
-0.48702788
0.55941784
0.025654316
-0.093083024
-0.324903
-0.35123837
0.35505736
-0.46010745
0.9356073
0.783677
-0.06316364
-0.17193735
0.5140966
-0.9371511
0.18720567
0.18454301
-0.5250399
-0.8287159
-0.35274053
-0.42429972
-0.46925807
0.7749443
0.11832714
-0.36239314
-0.6767527
-0.24133563
-0.5227331
-0.16581297
0.67689323
-0.23848426
-0.052726388
-0.008516312
0.7346449
-0.741482
-0.10489726
-0.45837486
-0.06870687
-0.8192824
-0.4198568
0.19997227
0.5821706
0.14970207
-0.5144768
0.8002777
0.52431715
0.001442194
0.863665
-0.122558
-0.795521
0.8430275
-0.46805596
-0.90118814
-0.7666956
0.66070986
0.5181118
0.6173842
-0.506933
0.9962722
-0.7040782
0.19946396
-0.9211459
0.72992635
-0.35876298
0.9422219
-0.24171627
0.13179469
-0.19370937
0.45141268
0.24661005
-0.5681361
0.13949716
0.43570793
-0.18707669
-0.147295
0.5112835
-0.7376416
0.86569834
-0.22594428
-0.85991144
-0.38880455
-0.07492399
0.15863216
0.50048697
0.99350536
0.39412403
0.050614
0.94709146
0.6335175
0.817299
0.62970304
0.1694938
0.6388471
0.7930716
0.5133164
0.4272809
0.13916552
-0.2729398
-0.4225725
0.17863297
-0.69214046
0.41619587
0.12413061
-0.15407157
-0.91109
0.6938002
0.6537603
0.34817111
-0.24859071
0.5966308
0.4751755
-0.8798144
-0.16104066
0.70084715
0.86469126
-0.264104
0.95388675
-0.7164165
-0.8015549
-0.7825949
-0.5687933
-0.9241904
0.45229065
0.55901027
0.16027749
-0.2379775
-0.513549
-0.001979351
0.4800663
-0.35903645
-0.3107823
0.8507745
0.6150887
-0.51689255
-0.29373384
-0.8126266
0.97285557
-0.4944595
0.2722751
-0.21664035
-0.2392497
0.33965206
-0.48672068
0.35813737
-0.19736779
-0.89528596
-0.29332697
-0.5581199
-0.32368648
-0.6599518
0.35730195
0.81476283
-0.0831542
-0.8845273
-0.15975642
-0.49940288
-0.867028
-0.43427527
0.8224933
-0.90637934
-0.40787756
-0.78254235
-0.46307695
0.7307975
0.8011358
-0.45865107
0.85389876
0.42729914
0.53494716
-0.6827649
0.37140143
-0.43913424
-0.13551044
0.7036259
-0.40277398
0.968766
-0.74003327
-0.18263757
-0.8180883
-0.9874126
-0.42033017
-0.47631323
-0.6851895
-0.16912043
-0.48791194
-0.21300173
0.33571398
-0.74626696
-0.8340987
-0.9803009
0.63954866
0.06899369
0.37549746
0.4786998
-0.35809505
-0.26450825
-0.18286908
-0.10952568
0.2899096
-0.38083184
-0.8478168
0.5364361
0.9887619
0.42433465
-0.40009177
0.30748606
-0.7070422
0.90176535
0.0944947
0.45274186
-0.01208961
-0.008592606
-0.4665445
-0.47814548
-0.25134623
-0.69002736
-0.3592763
-0.6416763
0.17517912
-0.011433482
-0.75591815
-0.12550724
-0.7824762
0.12506306
-0.07034981
-0.934677
0.6480874
0.018687129
-0.7557063
0.5417516
-0.07488084
0.5349668
-0.9405571
0.4358294
-0.5875132
-0.30111217
0.10765922
0.40554023
-0.8494867
0.37999463
0.80826294
-0.3898704
0.16595721
0.81883407
0.59368646
0.80603933
-0.5975857
0.009319663
0.34836936
0.40456712
-0.23686516
-0.48770463
-0.87732005
-0.38323367
0.28529668
0.20408762
-0.13752186
0.27677977
-0.8117707
-0.51135135
-0.091260195
0.07589054
0.31928563
-0.49220526
0.9105811
0.65646946
0.5025643
-0.58796525
0.5297762
-0.88566136
0.40135515
0.50183415
0.89738345
0.15275526
-0.059946895
0.36939275
-0.25339162
0.54036987
-0.9182714
0.57388103
-0.945029
-0.825456
-0.90889764
-0.9653915
0.97892797
0.37194228
-0.621801
0.5490489
0.9822731
0.83824897
-0.054490685
0.61453366
0.0041013956
0.8523315
-0.5375843
0.18851876
-0.027661681
-0.31242323
-0.5424968
0.9536449
-0.8345026
0.24110389
-0.77399135
-0.9923961
0.1103946
0.71298945
-0.748847
-0.7223718
0.66022253
-0.65831375
-0.5292454
0.12498331
0.4401182
0.4338448
0.10194671
-0.027809978
0.32185352
0.9084163
0.26581264
-0.07289946
-0.62751126
-0.60589457
0.9104216
-0.47808766
0.7219583
0.5700978
-0.12361133
-0.7835125
-0.048939347
-0.6771021
0.026307702
-0.725016
0.38490033
-0.28627646
-0.40798616
0.21004426
-0.41056418
0.42409372
0.98671854
0.053156376
0.44362402
-0.10882652
0.7689518
0.26306677
0.46117246
0.7844771
0.9995084
0.79228675
-0.84017897
0.7433317
0.4500767
-0.48291922
0.8493217
0.72795105
0.83298683
0.37734997
0.39008355
-0.8197899
-0.96310806
-0.19569075
-0.5477655
0.093627214
-0.83423436
-0.37318778
0.30034983
0.61230564
-0.3378111
0.088860035
-0.10576558
-0.1214658
0.90558434
0.98477805
-0.58584726
-0.6024424
0.14817286
-0.51550686
-0.49579346
-0.538931
-0.4964528
0.8953371
0.42588544
-0.6500845
0.73370814
0.46108723
0.8021047
0.70920956
-0.12972689
0.062051773
0.118499994
0.14966393
0.11566973
0.23669279
0.07283211
0.67789257
-0.8569523
-0.16345572
0.19575775
-0.19770432
0.7732079
-0.4506743
0.9089043
-0.6871438
-0.7418642
0.8336551
0.8723568
0.9118631
0.030068755
-0.9875816
-0.3322432
-0.3963654
0.049998283
0.5366634
0.66095924
-0.5336226
-0.14106512
0.08011353
0.41651154
0.96628284
0.4292308
0.13457096
-0.046650052
-0.92303145
0.043084264
0.28334963
-0.8735293
0.28680193
0.083620906
-0.8755268
0.7136564
-0.830842
-0.015510917
0.8449545
0.631559
-0.9808768
-0.89820015
-0.68445075
-0.11523163
0.49373472
0.18380618
-0.95827365
-0.8206111
-0.9930966
-0.06345856
-0.2127744
-0.04520917
-0.49362898
-0.78345907
-0.24625027
0.28057563
0.28627074
-0.79516065
-0.9174218
0.53857744
0.65924954
-0.109010816
0.5259596
0.0013830662
-0.9729463
-0.03552711
0.45905566
-0.19991624
0.4546169
-0.80260336
0.1642288
-0.15326548
0.9829165
0.31184852
0.37212324
0.0744921
-0.77068007
0.6440972
0.39802492
0.9450743
-0.65378916
-0.58651805
-0.46656096
0.14475656
0.07101846
0.6252246
-0.53605556
0.37352037
-0.25874805
-0.58643305
-0.13630569
-0.7145771
-0.989087
0.57591546
-0.40080094
-0.8487979
-0.7598909
-0.94734967
-0.5487398
-0.5927198
0.69446325
-0.15524459
-0.618606
-0.31937253
0.7478987
0.2875142
-0.7686951
-0.58039415
-0.8992847
0.44954157
0.61070585
0.23138082
0.8799523
0.71994495
-0.4839468
0.2724644
-0.43750417
0.18126857
0.0028288364
-0.5625975
0.5411291
0.2221427
-0.26461458
0.049730062
0.3338729
0.88257015
0.34583032
0.7185563
0.81792665
-0.21089184
0.78797793
-0.045799613
-0.7420788
0.15067697
-0.02868545
-0.9608567
0.50693893
0.35341835
0.25671303
0.059374332
-0.2930255
-0.7987188
-0.5999341
0.48047483
-0.37140107
-0.9346187
0.40809393
0.29817057
-0.100816846
-0.8214768
-0.15539527
0.73156714
-0.38696492
0.37164032
-0.62607956
-0.68293405
0.9393405
0.8076471
-0.11414456
-0.20852149
-0.5047401
-0.8821269
-0.7955047
-0.45516527
-0.51142097
-0.03930092
0.08839166
0.9287591
0.41980112
0.8563118
0.5861466
-0.8917253
0.83667934
0.44196808
0.57849085
0.25793648
0.030276656
0.55638695
0.9318676
0.07300866
-0.6676253
-0.9012984
-0.31850636
-0.8300836
-0.09269762
0.996876
0.28239107
-0.10434735
-0.37882388
-0.7760488
0.59973085
-0.7073722
-0.88148296
0.26051784
-0.0039696693
0.944345
-0.053118944
0.14223719
-0.19045472
0.66019714
-0.8426058
-0.042871833
0.55913556
-0.52216506
-0.10792732
-0.14495647
-0.6342975
0.33338666
0.07290673
0.06883347
-0.984972
0.56903076
-0.63544595
-0.32801247
-0.3762505
0.8409895
0.4299947
0.64111733
-0.51220596
-0.8828881
-0.6191957
0.86483335
-0.97435427
-0.49867773
0.8911835
0.93594944
0.06833041
-0.68698764
0.25418353
-0.44465125
-0.4587431
0.93491185
0.67258525
-0.88165045
-0.06644511
-0.29371476
-0.8352455
-0.7156694
0.118067265
-0.10607278
-0.097090244
0.0653131
-0.014293671
0.3670621
0.76922953
-0.99204373
0.06373286
-0.089143634
-0.99799883
-0.53389454
0.52717674
0.5450227
-0.49630964
-0.3710599
-0.32913804
-0.7916144
0.5958066
-0.97449136
0.5273329
-0.30200267
0.53837204
0.5938097
0.5906757
0.8143897
0.19757473
0.28668463
0.8913009
-0.20397925
-0.037059426
-0.4260608
-0.52803195
0.8903936
0.9104718
-0.6421062
0.80670214
0.40236664
-0.28766608
0.79680693
-0.7959515
-0.09117758
0.7446934
-0.3426106
-0.277156
0.1912905
0.98738
-0.7947264
0.7371168
-0.496194
0.7925432
0.68338335
-0.19211161
-0.71708727
-0.51895833
0.29650378
0.9007869
-0.42773986
0.4678352
-0.22894025
0.83303
0.058877707
0.5902822
-0.7715173
-0.09876156
-0.4835806
0.29137266
0.81618917
-0.6512617
-0.03187275
0.97518516
-0.4190917
0.24974501
0.39594758
-0.7078556
-0.9750266
0.74662876
0.24032962
0.32110167
0.01856637
0.76008904
-0.80279315
0.99426913
-0.10766709
0.3415463
-0.6047913
-0.03376043
0.02912426
0.9496429
0.42922056
-0.8273895
-0.1840781
-0.03804052
-0.03077817
-0.8237493
-0.10639155
0.68865883
-0.17968595
0.085377455
-0.9792609
-0.29722202
0.97673595
-0.720989
-0.90334356
-0.7354231
0.0163759
-0.2700894
0.7992761
0.47322416
-0.71894264
0.6169307
-0.50503397
-0.83707416
0.8711312
0.81825197
0.4647262
-0.2365967
0.27137053
-0.6692296
0.7361878
0.81365657
-0.829227
0.6319804
0.8698541
0.6567321
0.024849296
0.3580824
-0.3431605
-0.6884841
0.4497527
-0.3088101
0.8617039
0.53140366
-0.521101
-0.288965
0.68664527
0.6913295
0.9314796
0.2603755
0.6224023
-0.87742114
0.04670179
-0.90748334
0.6480347
-0.27616644
0.567137
-0.8856145
-0.5111083
-0.34198666
-0.42007077
-0.7839364
0.76336145
-0.6050426
0.64777327
0.7004845
-0.45049572
-0.3666582
-0.38430023
0.81428754
-0.8312701
0.24122417
-0.47072136
0.85796845
0.08287048
-0.5407406
-0.5594474
0.25212526
0.78214955
-0.4637941
-0.3631866
-0.40534258
-0.26527202
-0.3086456
-0.337579
-0.09462726
-0.014939904
-0.04226911
0.10470641
0.069987655
-0.7792202
0.8443614
-0.29771614
0.0216043
-0.7498987
0.8128097
0.15979278
-0.10268855
-0.7011744
-0.103877425
-0.09961724
0.6497203
-0.4156686
0.15700972
0.6706182
0.15340507
0.7709718
0.5025549
-0.22240758
-0.59399354
0.45592034
-0.7827232
-0.83811593
-0.92892253
-0.643203
-0.326555
-0.5992645
-0.66127217
-0.26632178
-0.58803666
-0.96703315
-0.70884025
0.42093801
0.19989896
0.7713369
0.95992506
0.092604995
0.9590937
0.721293
-0.23695147
0.74362993
-0.5222002
0.69051576
-0.367787
-0.6750262
0.5736575
-0.88419175
-0.09163368
0.79031706
-0.4623673
-0.35158515
-0.06996691
0.04529226
0.07699299
-0.34727025
0.50019264
-0.73346984
0.06956053
0.94477224
0.33894134
-0.6111897
-0.12391794
-0.78477526
0.8607093
0.13679898
0.023641706
0.467942
0.7131616
-0.52292514
-0.782151
-0.7893877
-0.5570048
0.74145293
-0.03139615
0.342875
-0.71922886
0.66035676
0.8833195
-0.98686373
0.6380967
0.1627369
0.8085972
-0.99572885
-0.33247328
-0.1543951
-0.44124043
0.33731365
0.7363889
-0.42825186
0.68587124
0.15932262
-0.59552026
-0.420089
0.50568306
-0.9536884
0.37263453
0.93027985
0.9383309
-0.42483532
-0.30882955
-0.01670432
0.34888065
0.4017651
-0.50296164
-0.8732668
-0.1655531
-0.34064114
-0.19466782
-0.889045
0.81138706
0.82589257
-0.060014844
-0.6071615
-0.5259929
-0.60256636
0.48167408
-0.12606502
-0.9524267
-0.12627065
-0.023961425
0.67800486
0.72171545
-0.6302887
0.8264564
-0.7414708
0.8603114
0.30274284
0.9431721
0.55069554
-0.6683439
0.29035413
0.89120924
0.25852263
-0.46457267
-0.12094617
-0.06390929
0.15130246
-0.47583914
0.79476416
0.8980861
0.6707351
-0.7135755
-0.12606466
0.86789346
0.73857534
-0.80737066
0.04717517
0.29098868
-0.2968577
0.3747226
0.08121908
0.7822193
0.4517355
-0.35363054
-0.85152113
-0.71926606
-0.7938181
0.8554251
0.6256888
-0.8015933
-0.9470167
0.33654082
0.2950294
0.35917866
-0.73831594
-0.40410757
0.83449304
-0.5149096
-0.3798113
-0.6342007
0.17237389
-0.62364125
-0.14981401
0.72416604
-0.99193215
0.7830473
-0.5728717
-0.25174403
0.16356027
-0.7936646
-0.6337732
0.9865495
0.05400431
0.8359959
-0.4212849
-0.63512015
0.6098763
-0.22841203
0.8625401
0.62842405
0.6367583
0.2384435
0.36124074
-0.6495093
-0.41742337
0.25242877
0.07789481
-0.64036214
-0.25195324
-0.92743504
0.7227322
-0.74799895
0.40735865
0.67705786
-0.46033955
-0.27442527
0.41722906
-0.31850994
-0.18390095
-0.28641617
0.5290493
0.7695159
0.3310002
0.77727413
-0.34207153
0.41426492
0.11783099
0.67295897
-0.78782797
-0.07306492
-0.5260726
-0.6812602
0.68659556
0.5781431
-0.72242427
-0.9059957
-0.9562404
-0.4958743
0.3032837
0.2068392
-0.0493232
0.546756
-0.4409865
-0.8855839
0.23798954
-0.79731905
-0.30696964
-0.8110361
-0.43150473
0.99809873
-0.49998283
-0.8468436
-0.66208494
-0.7065816
-0.45493233
-0.41411734
-0.5900873
-0.40583956
0.25016737
-0.9990579
-0.93222845
-0.3548783
0.5621307
-0.23801148
0.23628819
0.064418554
0.9362688
-0.79195404
-0.18995786
-0.91081774
1.3172626E-4
-0.22759509
0.07020581
-0.38169193
-0.6384057
-0.81280494
-0.5353352
0.51888645
-0.16834605
0.8361814
0.27989542
-0.112837195
0.3621583
-0.6346319
-0.70652866
0.3037287
-0.44887567
0.35707617
-0.25977576
0.18402421
0.22340178
0.44680774
0.76114976
-0.9067235
0.71352446
0.09818661
0.87158823
-0.22990406
-0.29675126
-0.60941815
0.3547237
0.8917506
0.22232437
-0.1860429
0.35999048
0.029518247
0.41257083
-0.9404601
-0.10325289
0.40362692
0.36865544
-0.84714365
-0.07396126
-0.02047491
-0.4283241
0.6635312
0.9631151
-0.9177959
-0.32743776
0.9662832
0.63755643
-0.61906266
0.49151504
-0.9017401
-0.32540452
0.05722475
-0.3114941
-0.7059722
-0.05005324
0.8643358
0.52087975
-0.9278225
0.351887
-0.8257226
-0.8888842
-0.75612533
-0.08959079
-0.049850464
0.655939
0.5173179
-0.6927848
-0.2521553
-0.24648249
-0.2572924
-0.22344577
-0.38371456
-0.47395504
-0.80399513
-0.6088202
0.31150973
-0.73060846
-0.29126513
0.6769222
0.154814
-0.95018697
0.6438731
-0.17823172
-0.35703433
0.8512442
-0.42077553
-0.11964071
-0.5403813
-0.3019384
0.63065934
0.29315805
-0.35187876
0.561205
-0.67460024
-0.25683904
-0.40019357
0.005273223
-0.82626224
-0.6048726
0.30773044
0.43698597
-0.90408397
-0.53265655
0.5590668
-0.2611816
-0.19461203
0.96960247
-0.17838204
0.064472556
-0.5473988
0.43035948
-0.64094174
0.96526134
-0.7266998
0.18906868
-0.67028856
0.91974103
0.79690945
0.03602445
0.43529236
0.14564252
-0.8551631
-0.13772047
-0.85426664
0.45712566
0.032805562
0.7883769
-0.90312696
-0.65328336
-0.11091125
0.7558969
0.3085438
0.65628695
0.7715585
0.6046454
0.17684412
-0.327304
-0.07322729
-0.43359768
-0.5622306
0.5400623
-0.54380846
-0.7395508
0.56778395
-0.89786816
0.86654174
0.5848198
0.3744899
0.036204576
-0.33189774
0.29981565
-0.7623184
0.057144046
-0.312711
0.06749511
0.89439964
-0.520053
0.57562816
-0.25545442
-0.46598697
-0.76271486
0.97954166
-0.14061964
0.89999664
-0.9593431
0.9941039
0.50191367
0.109334946
-0.48209465
-0.47493863
0.9119725
-0.07000315
-0.5953287
-0.1507833
0.49664605
0.63959575
-0.95703745
-0.52772033
-0.0037378073
0.5683086
-0.8422649
0.9702363
-0.7574352
0.65676033
0.034798503
-0.84378815
0.1317482
0.3915465
-0.5157113
-0.913041
-0.17875147
0.28023314
-0.7015182
0.21501231
-0.964221
0.46319914
-0.9628154
0.66397285
-0.950493
0.4069538
-0.08410382
0.07134664
0.24318385
-0.9357883
-0.86976516
-0.22188663
-0.005578637
-0.9920664
-0.7951704
0.07527101
0.45436108
-0.6561179
-0.23267627
-0.37025034
-0.06584239
-0.42061293
-0.33910036
-0.3536706
0.14069152
0.8816079
0.44564712
0.47580183
-0.6352893
-0.49049187
-0.69477344
-0.39391124
0.4693519
-0.23083258
0.15696645
0.78215885
-0.2828089
0.1473273
-0.37165344
-0.44164765
0.20530176
-0.24514663
0.5595951
0.21543133
-0.9227812
0.69797957
-0.84906864
0.6528063
-0.5935743
0.23492134
0.9051635
0.7287375
0.38744342
0.7191018
0.5144644
0.35886705
0.44851017
-0.565544
0.9780345
-0.55650985
-0.6338384
0.9559696
0.9700959
-0.019981027
-0.8000585
0.9888954
-0.9584271
0.28891277
-0.31054616
-0.47162652
0.15148151
0.55493903
0.011714697
-0.6809001
-0.4157027
0.43328333
0.86122215
0.07012677
-0.90251434
0.520229
-0.40345836
-0.3130139
0.52027285
0.42566776
-0.36504412
0.32248592
0.63320875
-0.9494133
0.84155643
0.6253935
-0.5780692
-0.33583093
0.8530096
-0.10434425
-0.57712376
0.34576285
0.13231266
-0.4450128
-0.6501707
-0.68351114
0.13363266
0.43794298
0.27570462
0.29966962
0.86147606
0.83264244
0.8926972
-0.8591424
0.96293664
0.29001188
-0.38406062
-0.034481168
-0.54618454
-0.7801012
0.14243162
0.7901586
0.43844616
0.85208476
-0.57916486
0.021885157
0.45979834
0.81670916
0.50254774
0.12933815
-0.8371707
-0.6451757
-0.6145698
-0.9518944
0.053302884
-0.12514675
-0.5350926
0.85595465
-0.39914525
0.50002205
-0.40945804
-0.16656005
0.61465824
-0.4129783
-0.2116183
-0.7140081
-0.41041923
-0.4748919
0.53049004
0.17293572
0.9884317
-0.058277607
-0.1255703
-0.44818056
-0.36876965
-0.35410774
-3.6799908E-4
-0.35604513
-0.52392066
0.040795207
0.5584053
-0.34354222
0.10016036
-0.4551711
-0.9581257
-0.28916574
-0.34321392
-0.10453153
-0.9782698
-0.16193831
-0.44021094
-0.402501
-0.06510186
-0.82883024
0.7255188
-0.35147345
-0.9210987
-0.47918904
0.01229322
0.8678833
0.010920763
0.4357282
0.19552243
0.4142995
0.7046279
-0.23684716
-0.9066533
0.5533985
0.008387208
0.42500687
-0.46680915
0.48482752
0.3402214
0.56161726
0.9761195
-0.4764439
0.6040696
0.96897626
0.57644844
-0.4803064
-0.7453104
0.62818015
-0.93678844
-0.12850666
-0.20737481
-0.48744214
0.4334799
-0.48134434
0.034816146
-0.6685736
0.42214978
0.9855181
0.86074674
-0.34209692
0.9668499
0.8703542
-0.86016846
0.3765205
0.35952806
-0.45180058
-0.15438735
0.6155565
-0.061241746
0.5770085
0.38011277
0.496266
-0.46917534
0.08342612
0.57242537
0.99010074
0.4263767
-0.12584233
0.16567612
-0.064704776
-0.4526174
0.19724572
0.63340414
-0.5081017
-0.7880808
-0.10385871
0.41905367
0.831699
0.16899478
0.49618828
-0.9993247
-0.85494196
-0.48969936
0.7821572
-0.8415235
0.73517096
-0.14001513
-0.68283045
-0.64191794
0.35277164
0.61793804
-0.32562792
-0.068890095
-0.5519929
-0.26136816
0.8659563
0.6920148
-0.21531749
0.8494587
0.42870438
-0.48757935
0.13506627
0.7642368
0.13657248
0.19893885
0.46696043
0.4747746
0.5405359
0.58657897
0.2210629
-0.6169164
-0.92809117
-0.852623
-0.31572366
0.27719247
0.78175235
0.48412788
-0.021670341
-0.20599854
-0.17380393
-0.025319338
-0.6561167
0.82392824
0.3521514
0.4769832
0.9054527
-0.50381505
0.7028861
0.6040026
0.30552804
-0.42640245
0.96740043
0.6171502
0.0069482327
0.8463855
0.3668816
-0.26553786
-0.15306985
-0.45904005
-0.7626389
0.65437746
-0.09358668
0.97953856
0.26794076
0.6875713
-0.086915255
0.3973949
-0.06725359
0.17929101
0.36035228
-0.36365497
-0.13752294
-0.7144314
-0.9113413
0.6062913
-0.7052909
0.8123822
0.18714345
-0.80672336
0.18386519
-0.8076136
-0.6637355
-0.52426314
-0.58889437
-0.0044459105
-0.114623904
-0.4950683
0.5867512
0.16555476
-0.54058516
0.8565949
-0.13518143
-0.25824904
0.2880559
0.045616627
-0.9212401
0.74742234
0.97747374
-0.37773967
-0.6463387
0.55953455
-0.51606035
-0.7235136
0.55338085
-0.93334496
0.640937
0.03708899
-0.21197009
0.69328773
0.93452835
0.16652358
-0.54929614
-0.37395036
-0.8311093
-0.34630072
0.4916073
-0.1939354
0.22501111
-0.63990235
-0.101929665
0.2202766
-0.043490052
-0.5249542
0.56206477
0.28092492
0.20971918
-0.3892094
-0.77941036
-0.54275095
0.478979
0.7753694
-0.8071519
0.42792714
0.4474156
0.7906339
-0.1381315
-0.2506132
0.9092274
-0.80516934
0.8137758
0.05777526
0.7690089
0.035852432
0.2181865
-0.9038727
-0.9296087
-0.49416256
0.27731514
0.11944878
0.5800499
0.40466452
0.6647433
-0.50338924
0.25992858
-0.20522022
0.9990467
0.39796913
-0.92737067
-0.20035863
-0.85950613
0.41154718
0.7108278
-0.2889123
-0.045035124
0.62978566
0.9060675
-0.15342009
-0.94152117
0.3358475
0.4963696
-0.09376693
-0.25509632
0.81709194
-0.886955
-0.07619989
-0.97855365
0.2486844
-0.46158755
0.81849754
-0.44948018
0.008713484
-0.0024038553
0.6002253
0.8479551
-0.5247799
-0.9548068
0.55503154
-0.25209868
-0.63596916
-0.38635302
-0.6324359
-0.24796522
-0.67567647
0.18314564
-0.21906447
-0.8209846
0.92773616
0.04754913
-0.258641
0.16987538
0.7591709
0.07825756
0.24579346
-0.35715425
0.21704626
0.17532325
0.5576246
0.6899041
-0.68729377
0.34600127
0.8612945
-0.9637859
0.45932257
-0.17490518
-0.39375103
-0.18199944
-0.5224848
-0.7351099
-0.9107181
0.7559166
-0.8831204
0.3474673
0.61928606
0.8974916
-0.12025702
-0.5627737
-0.19222987
0.46795166
-0.80291235
0.48134565
-0.92828083
-0.5960432
-0.31073475
0.3216244
0.7931745
0.15625179
0.76970875
0.099987864
0.25423002
-0.9522321
-0.07659793
-0.62459314
-0.50979877
-0.5175245
0.09972656
-0.06817138
0.64195883
0.64267504
0.56903684
0.7109864
-0.16345012
-0.07994437
0.8527657
0.6728821
0.7101973
-0.46335757
-0.22191203
0.14886463
0.56778014
-0.13016129
-0.05848217
0.042301774
0.037406206
-0.4484713
0.78385186
0.34089077
-0.3515979
-0.9787053
-0.24457312
-0.7200656
-0.21209693
-0.15890324
-0.35917938
-0.75905645
-0.7415509
-0.4075873
0.75220513
-0.6555233
-0.51897836
-0.14777172
0.408149
-0.3837906
0.11049616
0.7630428
-0.3114097
-0.35689557
0.3304937
0.6621083
-0.022969604
0.5207515
0.78029275
0.6105808
-0.87092793
0.508212
0.3772589
0.3645388
0.38481438
-0.30592406
-0.79512393
-0.836462
-0.70484865
0.83416533
-0.85913754
0.89142585
0.1637783
0.7009181
-0.464759
0.8076737
-0.19597828
0.29673707
-0.42094922
-0.3191197
0.04004562
0.2944882
0.12634003
0.21101344
0.39438868
-0.599844
0.77213216
-0.058739543
0.1282165
-0.03606856
-0.3946066
-0.82178795
0.34847367
0.23147321
-0.061881423
-0.089125514
-0.34013855
0.9177704
-0.31980765
0.4013661
-0.00692451
0.24920881
-0.86337924
0.4759544
0.23909998
-0.14138246
-0.36772192
-0.056483746
0.39889085
0.69300973
0.3339206
-0.21509933
-0.3639307
-0.17954135
0.2855879
-0.5272758
-0.80387485
0.27331662
0.3785994
-0.915311
-0.7908368
0.06832242
0.64935803
-0.24125254
-0.7142515
-0.31519926
0.8765497
-0.09427774
0.1895026
-0.3988284
0.40477848
0.7509768
-0.8504133
-0.81540036
0.9561585
0.93429637
0.2661723
0.1523614
-0.06190288
0.6754415
0.44875824
-0.013855934
-0.52110565
-0.56275165
0.17834258
0.7480295
0.7185755
-0.9796722
0.6488011
0.5416367
-0.6225083
0.94123495
0.35046792
0.86229825
0.4778974
0.023598194
-0.4788401
0.92100513
0.4933741
0.019490123
-6.6542625E-4
0.99918246
-0.13165879
0.33293676
0.54453087
0.44242227
0.5369115
0.5017934
-0.4031911
0.13461459
0.06022215
0.8773898
-0.53410757
-0.53075254
0.60856366
-0.8012233
0.08971226
0.86801267
0.084820986
0.6717092
0.57987595
-0.13948822
0.09590888
-0.68041575
0.8583306
-0.6386658
0.63721454
-0.7314515
0.646458
-0.053166628
-0.29898357
0.16229272
-0.9623573
0.1845715
-0.47587264
0.88029885
0.79078865
-0.8990824
0.85456944
0.36939
-0.46957052
0.040164113
0.97512734
0.81149876
0.21529031
-0.018442988
0.8376012
-0.9340012
-0.1909951
-0.9951855
0.6311922
-0.22561562
0.10299921
-0.6476805
-0.44134128
0.53642476
0.43238807
-0.5942861
0.18287396
-0.09570527
-0.29755938
-0.9891287
0.123663545
-0.2550013
-0.90168726
0.7391964
0.35099554
-0.15171742
-0.741835
0.81215036
-0.9123117
-0.02992785
-0.99545
0.14335775
0.18601346
-0.83057535
0.18739378
0.02837336
-0.4076742
0.09541595
-0.68840337
-0.14780986
0.50788546
0.4909619
-0.2979436
-0.6388799
-0.5307236
-0.30883467
0.578861
-0.21270037
-0.2835157
-0.7014519
0.93682635
-0.19449115
0.8302357
0.91684043
-0.8109441
0.9842894
-0.8266977
0.12551665
0.5675907
0.26374114
-0.33488548
-0.5081328
-0.019414306
-0.095594525
0.88839567
-0.034775376
-0.10888028
-0.6849419
-0.4649204
0.50440955
-0.42470646
0.84806085
0.34221697
-0.8138331
0.38552713
-0.12858248
0.57385373
0.6672176
0.21901345
-0.33463526
-0.06980753
0.9696989
0.88244104
0.58296824
-0.29983056
0.7795861
-0.655053
0.74980533
-0.26140058
0.34684408
0.6556363
0.8046591
0.19622147
0.6174071
-0.4750328
0.9047431
0.1435045
-0.72019637
0.9672028
0.6950916
0.6214181
-0.7513062
0.9915265
0.08839309
-0.92977333
0.9154272
0.911155
0.5909852
0.40768313
0.8598404
0.49292493
0.27148902
-0.34100854
0.13204348
-0.24428368
0.18539405
0.4220147
-0.4217248
-0.112725735
-0.31716704
-0.44685555
0.8076899
-0.5906606
0.23507822
-0.7160406
0.4900539
-0.41443098
0.5714582
-0.9405004
0.85692203
-0.8781507
-0.4678042
0.29011273
0.07633245
-0.2781434
0.28014076
0.026095152
0.015022755
0.08093071
-0.30224776
-0.5752871
-0.3694539
-0.24142551
-0.09648442
0.44083893
0.5925741
0.17550051
-0.010993719
0.12484312
-0.13148463
-0.87229836
0.09506714
-0.5247768
-0.020008326
0.8713429
-0.23970425
-0.7792834
-0.09341228
-0.53655076
-0.3092203
-0.019504666
-0.4492333
0.88070524
-0.52348256
0.78596556
-0.9416828
0.9997946
-0.26675105
0.28937232
-0.20620334
-0.89361227
0.25075424
0.5098151
-0.51192987
-0.21376193
-0.79142857
0.5845903
-6.6947937E-4
0.20218217
0.7623153
0.64246917
-0.33965755
0.5177443
-0.6506548
-0.933715
0.6296917
0.015347481
-0.89128685
0.5669941
0.73645735
-0.020096064
0.7106284
-0.31660068
-0.37491572
-0.83686423
-0.34512508
0.6154368
0.5957086
0.37793207
-0.6082785
0.29001904
0.32642925
-0.95579016
-0.73485565
0.87386656
0.99590266
0.14819801
-0.24485028
-0.25425708
0.44131505
-0.3028741
-0.5616002
0.41048384
0.5386431
0.24355626
0.7852446
0.69989085
0.53579223
-0.90812457
0.81387925
-0.3871075
-0.43240702
0.33883202
-0.16776896
-0.4174372
0.9038769
0.6768173
0.2750678
-0.86491513
0.9033402
-0.07961476
0.90374994
0.6712612
-0.65172565
0.30215192
0.45126903
-0.66835856
0.4063828
-0.19623554
0.8942549
-0.9900067
-0.60003066
-0.9975786
0.8012477
-0.0038989782
-0.23986101
0.2660302
0.18374407
-0.571527
0.8109734
0.54434705
0.66059697
-0.27758873
0.5787817
0.6844139
-0.10920334
-0.05775523
-0.2263397
0.13264287
-0.35575235
-0.7271811
-0.02991569
0.3405515
0.73090565
-0.5897441
-0.74824166
-0.7847277
-0.3821957
-0.037482977
-0.9786445
0.8796109
-0.09038985
-0.51539326
0.05221367
0.9409441
-0.91384196
0.2608161
-0.6730652
-0.19378984
0.77094626
-0.3920915
0.8237735
-0.5045296
-0.7049091
-0.43943977
0.63860595
-0.64589775
-0.97474504
-0.90311265
0.03728521
0.27993882
-0.39864755
-0.61803675
0.9956802
0.08417785
-0.70360565
0.19657111
-0.8156582
0.6924788
-0.2610439
-0.84600794
-0.72060955
-0.35458028
0.4569273
0.39759922
-0.07495046
-0.86327124
0.49420702
0.15587711
-0.963372
0.2760167
-0.2391361
-0.72009647
0.72233105
0.8039423
-7.611513E-4
-0.79671586
-0.36905646
-0.1730752
0.13705814
0.6792046
0.61932003
0.76199496
0.36360347
-0.77186453
0.30412614
0.35774267
0.17237246
-0.9315237
-0.75195706
-0.06661379
0.6857225
-0.9719831
0.5695642
-0.31515694
0.29223967
-0.29526722
0.9017241
-0.34434414
-0.37922442
-0.84943163
0.50898075
0.65428436
-0.5627326
-0.6878078
0.5596907
-0.30853677
-0.371135
-0.8698001
-0.9929694
0.3671006
0.13804436
-0.14391744
-0.87700295
0.7919065
-0.21293616
-0.89106417
0.73363245
-0.89785063
0.306327
0.30704725
-0.19947553
0.21548688
0.62121785
0.2501366
-0.22819579
0.26177394
-0.71070313
0.20432138
-0.4205433
0.96644926
0.7981396
-0.7066932
-0.8108448
0.30811203
-0.22540426
0.29654598
-0.9793297
0.9400631
-0.28390396
-0.899855
-0.4359126
-0.6370323
-0.012636185
-0.42770624
0.23872054
0.64872944
0.0412606
-0.8935499
-0.4968624
0.9117329
0.2865175
0.58808196
0.8577422
-0.24836648
0.06006074
-0.778553
-0.47620463
0.8819308
0.7460221
0.15985203
0.9787291
-0.77801156
-0.6478771
-0.09444928
-0.67248905
0.2595253
-0.40207016
0.20459688
0.7502917
-0.3402586
0.7357794
-0.09045994
-0.5494939
-0.6387756
0.5174682
-0.1979779
0.004137516
0.993947
0.69786835
-0.5274358
-0.44461322
-0.101421595
-0.35351992
0.3918301
0.5981568
0.6178349
-0.40817702
0.6533619
-0.7855501
-0.95024514
0.9800327
-0.56958437
0.6041372
-0.13906908
-0.22718716
-0.0914793
0.93596447
-0.10254836
-0.7179723
-0.19852781
-0.7162273
0.626418
0.5359646
-0.96643734
-0.6023984
0.7964823
-0.95083904
0.808202
0.91577125
-0.99174964
-0.76654375
-0.852908
-0.62342644
0.5021523
0.20859432
-0.3294661
-0.03149271
0.7513633
0.2685423
0.52519464
-0.29606175
0.22061932
0.21322227
0.1089524
-0.14319456
0.5296489
-0.2006625
0.78273356
-0.27908826
0.13500798
-0.010576725
0.8172431
0.5780828
-0.8098023
-0.06755364
-0.8498652
0.1779238
0.4161315
-0.20428813
-0.59033144
0.8922169
0.3486302
-0.053703427
-0.59128535
0.29254258
-0.7557529
0.4667132
0.7737832
0.39114785
0.019175291
-0.34370315
0.4245503
0.77028406
0.9483514
-0.2545942
0.6683085
-0.20163584
0.32447803
-0.58129346
-0.8396517
0.9927131
0.012100816
0.4475863
-0.123815656
0.14506066
0.75394714
0.4673705
0.54672134
-0.70986605
-0.59948015
-0.94396687
-0.74387836
-0.91110027
-0.07421839
0.28723705
-0.34126616
0.24155664
0.42923665
0.007854342
-0.36831915
-0.42705333
-0.6433556
0.5508425
0.27053177
0.2825203
0.22806656
0.41702712
0.6151061
0.26648903
0.3542775
-0.22128618
0.050325036
0.55174065
-0.25666118
0.26514578
-0.8161533
0.7860942
-0.17781675
-0.66809714
0.4099425
-0.12955809
0.1784426
0.19691777
0.11090112
-0.43560362
0.5018219
-0.39536583
0.33763587
-0.97637546
0.78964555
0.97295475
0.19582224
0.41574728
-0.023393154
-0.64268756
0.41975772
0.10040903
0.034316063
-0.639071
0.65142536
-0.6579969
0.6233046
-0.98509717
-0.3036039
-0.44901216
-0.78874207
0.787176
0.97194314
-0.07163656
-0.37972438
0.45295966
-0.0020018816
0.83060706
0.9379463
-0.5756583
-0.85842407
-0.20168257
0.10831952
-0.6966499
-0.02552998
0.02639258
0.07703054
-0.4433123
-0.8619131
0.028392553
-0.35128105
-0.8660203
0.15519309
-0.2992772
0.05454588
0.04318595
-0.6557013
0.16754127
0.23440015
-0.008405566
-0.93215024
0.33524215
0.90485895
0.48954415
0.70104575
-0.43735445
-0.71603966
0.7440014
0.695904
-0.77749884
0.83244467
-0.6561737
-0.7816559
-0.93924606
-0.71536267
-0.582188
-0.6309625
-0.57240176
0.598174
0.546342
-0.19275773
-0.15968919
-0.9508718
0.30008113
-0.44220793
0.53008914
-0.38213122
0.5929986
-0.6969813
0.11777747
-0.08751273
0.9569771
0.98312616
0.25681996
0.30345762
-0.08767891
0.021096349
-0.21731722
-0.3808335
0.51988864
-0.046458244
-0.170766
0.8821459
-0.69013417
-0.77975285
-0.36671495
-0.8634136
0.59913325
-0.093105316
-0.12591386
0.69659066
-0.10023606
0.4433602
-0.18333459
-0.81954455
0.00770545
-0.2390461
0.08439672
-0.18085086
-0.5783484
-0.13574338
-0.6787858
-0.15161777
0.11226022
-0.13377345
0.4678638
0.70584726
-0.8677453
0.4897293
0.9261122
0.43215597
-0.92419946
0.106520176
0.98284125
-0.42920566
-0.4355843
-0.6508051
-0.11845052
-0.78460574
0.5162977
-0.9928323
-0.36261368
-0.8206537
0.3623618
-0.3499539
-0.22493434
0.8620908
-0.8222573
0.58779085
0.71476555
0.8383995
-0.8694662
-0.7150042
-0.46646547
-0.13708174
-0.9051112
-0.86406624
0.68920183
-0.49522603
0.77430534
-0.95159364
-0.68304133
0.42997408
0.43021572
-0.9201499
-0.39146543
0.13772321
0.16444361
0.45180464
0.17937827
0.2169838
-0.32859397
-0.29681993
0.24585605
-0.31081104
-0.87682736
0.124480605
0.80384064
-0.7091985
0.19989586
0.5712087
0.16007781
-0.54450965
-0.29177964
-0.55672467
0.3625164
0.89138114
0.3758216
-0.77215326
0.95577097
0.90672374
-0.43775606
0.25636506
-0.39031005
0.6912149
0.23195577
-0.025569558
0.49551535
0.5652207
-0.30145645
0.34905183
0.6844909
0.5015662
-0.3710147
-0.6441078
-0.40661705
0.021993041
0.5099915
-0.35472715
-0.2181238
0.6716522
0.2967565
0.35679996
0.8060727
-0.23982835
0.016618133
0.046747446
-0.15548968
0.78825855
-0.4291284
-0.75077415
-0.66139865
0.09702337
-0.5916871
0.28237844
0.73483443
0.7070968
0.8312911
0.5363486
0.7943498
-0.7387924
0.7926122
0.17373312
-0.034246564
-0.5664549
0.65935993
0.50015426
-0.4753486
-0.6104845
0.7235638
0.318128
1.335144E-5
-0.08076227
-0.44805872
0.4885491
0.67100286
0.057408094
0.5661732
-0.65095246
0.37247825
-0.5476999
-0.3338915
-0.7333478
0.6433636
-0.14974773
-0.95805085
-0.3456719
0.44616115
-0.007147312
-0.48489034
-0.491009
0.7409067
-0.56277144
-0.59541297
-0.2842573
-0.5180005
0.5417348
-0.20391369
0.82377124
0.89697087
0.62746465
-0.38916075
-0.92067456
0.88400996
0.42922878
0.6022918
0.5773511
-0.88214624
0.9680251
0.58014023
0.37397575
0.9755962
0.27189136
0.15732431
0.22649884
-0.91452134
0.585968
-0.8224306
-0.23341072
-0.5305772
0.26943052
0.9061477
0.86796856
-0.39314163
-0.8182447
0.90824854
0.77516055
0.91241324
-0.50011086
0.3074491
-0.72062016
-0.8813329
0.34888172
0.47728884
0.4570105
-0.18093538
0.9202298
0.9941374
0.85234153
0.29312503
-0.2753309
0.3479159
-0.3525083
0.9504181
0.8907403
0.10356116
0.50821376
-0.05820942
0.86974394
0.22141886
0.1452285
0.2526605
-0.7844913
0.52628314
0.93885267
-0.123256445
0.22880173
-0.033916593
-0.47684705
-0.6615244
-0.072455764
-0.4179796
-0.6708611
-0.8359642
0.04283452
0.93828464
0.5902989
-0.92409706
0.3459493
-0.7963811
-0.9049597
-0.70782447
-0.33692074
-0.13256657
-0.56247795
-0.15639639
0.29387498
0.09470153
0.11041701
-0.82119906
-0.6404811
-0.48251832
-0.5289856
-0.6819284
0.7898216
0.5238918
-0.6022749
0.6515924
0.42185295
-0.8087895
0.8706864
-0.72252786
0.011173129
0.4282813
0.3222314
-0.9351412
-0.8815762
-0.1904589
-0.49380755
0.8384267
-0.122317314
-0.6789236
-0.04369366
0.051129222
-0.0913285
0.77662027
0.5015795
0.7862072
-0.78604484
0.13312113
-0.5301912
0.057466388
-0.80273986
-0.8675461
-0.63976026
0.21544003
-0.87620044
0.5652654
-0.8454608
-0.7208848
0.8731055
-0.40162933
-0.1549468
0.56756413
0.9456532
0.788306
0.0051801205
0.8784827
0.8941022
-0.96338034
0.6543088
-0.6670749
0.9571079
-0.6005012
-0.34389377
-0.034654975
0.2584362
0.57391775
0.3421955
0.17953038
0.85789585
0.42940426
-0.08710921
-0.2854414
-0.15406144
-0.8202207
-0.09664285
0.07712901
0.98451996
0.8900933
0.11929488
0.2104522
0.8180208
-0.15602314
0.9742098
-0.895578
0.19604564
0.8655083
-0.8350258
0.13245964
0.5323055
-0.33650398
0.6994225
-0.94115114
0.41939306
0.46703637
-0.93390524
0.23444808
0.25814724
0.12786412
-0.029835582
0.7325361
0.9538027
0.11212146
0.74049985
0.7205863
-0.6281841
-0.31725252
-0.038573384
0.7746357
-0.19202805
0.53100514
-0.1489749
0.08348739
-0.8348093
-0.74477136
0.6789279
-0.5705794
0.57968843
0.66645086
-0.59499025
0.7457514
-0.0806036
0.8401891
0.5718192
0.12114644
-0.31338286
-0.7964252
0.17500782
0.93392456
-0.52511585
-0.52426076
0.17560089
0.8508259
0.11822164
0.85167027
-0.05484569
0.6142806
0.17204487
-0.02334547
-0.7796241
-0.3232906
0.30263233
-0.30282283
0.0895952
0.03272283
-0.25848413
-0.35171187
-0.32724237
0.16939807
0.1686002
0.9567164
-0.94615805
0.42649508
0.49092114
0.8694527
0.7754619
-0.335837
-0.9684974
-0.718627
0.93686795
-0.18672228
-0.03513384
0.9112724
0.30680954
-0.6228205
-0.4563012
0.39817762
-0.43878746
0.4136418
-0.8524176
0.6500261
-0.99692667
-0.9909682
0.62335575
-0.67799926
0.17031443
0.22571802
-0.7673038
0.93551886
0.36980343
-0.6720238
0.012198091
0.6308423
0.20675004
-0.45366812
-0.99782205
-0.7074692
-0.046029568
0.407102
-0.088538885
0.36976254
-0.49799728
-0.17925239
-0.06340003
0.3614117
0.5569668
0.68365693
-0.99334514
-0.96653473
0.6478441
-0.8964499
-0.67858636
-0.9750968
0.8392129
0.815459
-0.88442457
0.77481306
0.32136095
-0.3739109
0.8190346
-0.47821283
0.30031264
0.42844427
0.68032765
-0.503683
-0.099885106
0.49129844
-0.755901
-0.9860264
-0.28558755
-0.718951
0.37295115
-0.1960901
0.8308748
0.35459268
-0.3906616
0.052157402
0.758616
-0.88473725
0.19557035
-0.06292212
0.9048135
-0.9000633
-0.09790921
-0.82380974
-0.20698786
0.52082765
0.6298176
0.736691
-0.15598202
-0.016927242
0.5065521
0.48982584
0.534076
0.508204
0.6266047
-0.5283612
0.41860902
0.48928022
0.7044436
-0.53448284
0.7089077
-0.8324419
0.5261487
-0.082359076
0.69072545
-0.75906587
0.26685286
-0.5365436
0.6859739
-0.2148267
0.35948515
0.46637285
-0.078923345
-0.30947983
-0.20741796
-0.5099343
-0.45127785
0.095321536
-0.5934714
0.24030674
-0.8242763
-0.9523486
-0.8465835
0.5746602
0.111641526
0.96477866
-0.6279298
-0.8015623
-0.26480138
0.91402745
-0.8256953
-0.19097447
0.9740448
0.7388009
-0.9100702
0.04032874
0.03502977
0.43816245
-0.49348235
-0.42684007
0.8650509
0.7215264
-0.7231914
-0.6493261
-0.94381094
-0.5478976
-0.4555651
0.76145494
0.25395072
-0.17959726
-0.46878648
0.8738463
0.8359324
0.015240908
-0.80831707
0.9270973
-0.5166602
0.25338376
0.5091579
-0.9323404
-0.91604125
0.06573403
0.2999282
-0.8215052
-0.4718907
-0.6007222
0.007166624
0.15784252
0.7657652
0.4679067
-0.31629288
-0.6099566
0.89158285
-0.6342268
0.5444435
0.7994857
0.9545274
0.64442956
0.75725126
-0.16943324
0.12079728
-0.34369636
-0.040112138
-0.8510097
0.25478923
0.1949414
-0.95565283
0.6662768
-0.043876886
-0.5639403
-0.4740262
-0.34018755
0.6657009
0.42817867
-0.92015624
0.96112037
0.22612643
0.32909203
0.13033438
-0.76243937
-0.12150836
0.5725664
0.55150473
-0.22411072
0.25677562
0.42259288
0.187222
0.5247719
-0.30767715
0.58061373
-0.07652533
-0.24150968
-0.21519923
-0.78891754
-0.88515794
0.03295803
-0.51538265
-0.09464967
0.23771107
0.22128499
0.14821541
-0.41763163
-0.5491117
0.59927595
0.486413
-0.59757173
0.30730867
0.11742592
0.87271404
0.6287861
0.9774326
-0.7825556
0.9902445
-0.40059447
-0.9042746
-0.44336832
0.6808624
0.06136942
-0.4123459
0.6772957
0.55750775
0.974118
-0.2815094
-0.45814323
0.4217
-0.6887593
0.05071795
0.6446129
0.79421616
0.59693766
0.20906115
-0.53816915
0.45157647
0.02165103
-0.68255854
0.82267237
-0.67148864
0.51710415
0.9580648
0.5404557
0.59274983
-0.4342593
-0.44178236
-0.34082377
0.2502408
0.61120963
-0.43474996
0.9225644
0.9544736
-0.53076863
-0.2640108
0.69702256
0.46237385
0.2623042
0.73603904
0.36656213
0.6220063
0.17390358
-0.80910206
-0.8853693
-0.8540256
-0.799016
-0.19034076
-0.38201487
0.5021775
0.44684923
0.44955993
-0.7386986
0.85490596
0.11521065
-0.47659338
-0.5459714
0.45984995
-0.07786393
-0.72925174
0.06535852
-0.36660326
0.22350454
0.697672
-0.8823898
-0.7121819
0.7556541
-0.19941127
-0.9224148
-0.01095593
-0.09345794
0.6689395
-0.5994476
-0.9766116
-0.8194376
-0.3657936
-0.3902688
0.5557935
-0.2949189
0.50304544
-0.011018753
0.6580893
-0.13011193
-0.43291318
0.93763614
-0.15412176
0.5175264
-0.71143687
-0.14994478
0.38266075
-0.555524
-0.13175654
0.86077654
0.61665833
-0.33166134
-0.8597429
-0.58234584
0.16767883
0.20862389
-0.98138714
-0.9551879
0.06775534
-0.33111787
-0.06487119
0.1256727
-0.2991289
-0.7476201
0.031924367
0.5209713
-0.66417503
0.95519483
0.25865412
0.44107938
0.4853834
-0.57137823
-0.2883761
-0.52411735
-0.43122995
0.66255736
0.5563916
-0.035082698
-0.7510375
-0.6053256
-0.5037472
0.037722588
-0.76185536
0.5846267
0.066215515
0.397938
0.72221947
-0.097634554
0.9070188
-0.850683
0.28795552
0.8652904
0.74901116
0.2085768
-0.6851555
0.8270582
0.035115957
0.8161006
-0.7799808
-0.31570935
-0.8592578
0.69449246
-0.74815464
0.045342565
-0.00731349
-0.9733988
-0.7195127
-0.77694595
0.8163836
0.7949095
-0.67241395
-0.7972964
-0.19986057
0.46538365
-0.46089673
0.53505695
-0.013714075
0.48951805
-0.40639615
0.65663075
0.7938719
-0.22684741
-0.15778816
0.595446
0.6381204
-0.089298844
-0.9831126
0.43726826
-0.68773293
-0.44401944
-0.627512
-0.23247814
-0.40737045
-0.6006249
-0.57149935
-0.063149095
-0.845829
0.6053903
0.86281383
-0.8009112
-0.14101565
0.65074384
-0.07185793
0.22080672
-0.8971245
0.86329067
0.38867843
-0.75044
0.75563264
0.82478523
-0.68157125
-0.6524478
-0.33003092
0.5505253
0.102932096
-0.050899744
-0.5949042
0.03730035
0.113402486
0.89064336
-0.862762
-0.4249351
0.27867818
0.7039794
0.41625237
8.74877E-4
0.19895327
0.9760891
-0.038866043
-0.15436637
-0.4094603
0.98769796
0.83522344
-0.24888337
-0.68143797
-0.42072928
0.65314996
-0.561169
0.6914915
0.5953407
-0.22394478
-0.6279528
-0.7840322
-0.42994404
-0.63922477
-0.29742682
-0.16810167
-0.811
0.53496885
0.42554462
0.487064
0.051333666
-0.45247328
0.32594347
0.51935863
0.32500553
-0.5529709
0.39324605
-0.023464084
0.9053371
-0.59311485
-0.83469117
0.032400608
0.9290849
0.26165962
-0.14466226
-0.09954727
-0.85623646
0.9437891
-0.81117666
-0.0219661
-0.72652733
-0.60648954
-0.6408261
-0.21577096
0.6518401
0.018671036
0.28620636
0.02261293
0.9103719
0.047763705
-0.028318405
0.7760776
-0.77687585
-0.92715394
0.8879479
-0.57258
0.729069
-0.07596171
-0.6369741
0.9292743
0.40097046
-0.2596079
-0.6521406
0.0848304
0.32938635
-0.02936399
-0.06497729
-0.35773754
0.57423246
-0.8995106
-0.1348455
-0.62212706
-0.75794566
0.49094665
0.9863044
-0.3961755
0.01891315
0.9355147
0.35701
-0.6245425
0.17697
-0.2035898
-0.80274177
-0.688746
0.13411498
0.034012318
0.1398201
0.6274861
0.44320345
-0.4444903
0.8212733
0.5126624
-0.010218382
-0.6860032
-0.4628719
0.1385262
-0.03999889
0.005849719
0.88484704
0.7702602
-0.51463425
0.340863
-0.3955207
-0.0243299
0.865929
-0.7235495
-0.5723822
-0.25034773
-0.087302804
-0.32448494
0.046209097
-0.5943359
0.63368535
0.20996809
0.35440755
0.8108933
-0.47703624
0.41214788
-0.9035567
-0.54166186
-0.1889931
-0.7203728
0.8248702
-0.9897491
-0.18313718
0.2514466
0.64635444
0.37782562
-0.96651924
-0.5367669
0.27236283
0.717327
-0.29138315
0.5037955
-0.7780173
-0.4499892
-0.20703399
0.26670706
0.122165084
0.7103909
-0.54130864
0.52841806
0.551697
0.18409848
-0.40428126
-0.5178344
0.07019591
-0.16651666
0.32669103
-0.7118056
0.40963566
-0.72184813
0.607206
0.7206446
0.3868854
0.0820483
-0.7349477
-0.06376469
-0.81876683
-0.7871028
-0.3440162
0.2771473
0.12687862
0.3295598
0.6557903
0.6491165
0.16920483
0.69504833
0.55690515
0.4657712
0.35376418
0.8158071
-0.9133004
-0.71699536
0.04312539
-0.28914285
-0.88568485
0.2052486
-0.46996558
-0.011790276
0.4700477
0.8527398
0.033005714
-0.34745324
0.8787806
-0.65968597
-0.9239993
-0.679266
-0.57405794
-0.6797409
0.477036
-0.15525818
-0.24370861
0.95188904
0.767401
0.33068848
0.784191
0.7275822
-0.8440722
-0.6750412
-0.09323645
-0.2608477
0.119957805
-0.82812524
0.30261993
-0.67909753
-0.5189431
-0.07832515
0.019061685
0.4491439
-0.79984856
-0.09672141
0.2564454
-0.013842106
0.05087161
-0.5745523
0.012652159
0.28462648
0.4049995
-0.1843152
-0.57755077
-0.9472172
0.34979558
-0.036991
-0.50861394
-0.7614913
-0.33036077
-0.9556954
0.16333568
-0.6788287
0.4361254
0.56120956
0.8628044
0.38321114
-0.7099668
0.10370755
-0.18820322
0.03070879
-0.6498189
0.3271469
-0.0632534
0.28593397
-0.9108715
0.952052
-0.63955057
0.40905905
-0.32875884
-0.32724035
-0.9700661
-0.074135065
0.008318543
-0.27518785
-0.41705108
0.42972028
0.16155243
-0.4233768
0.12859285
0.75694287
0.37207174
0.37390244
-0.8567736
0.45369267
0.7579757
-0.99736047
0.4990697
0.8898696
0.05210495
0.106303096
0.9939351
0.54242706
0.3065915
0.28476238
0.28678262
0.75964475
-0.4515016
-0.26300454
0.42183316
0.40305543
-0.61714387
-0.461146
-0.8932555
0.09997058
-0.3913387
0.8542143
0.46697032
0.16322672
0.29966354
-0.02277577
0.40428293
0.5634569
0.42107582
-0.9592663
0.12418771
0.47170556
-0.022064567
0.37835264
0.45247316
0.9066323
-0.35074043
0.3031007
-0.27042222
-0.21778476
0.7391267
0.90375006
-0.746809
0.3013457
-0.38759398
0.33143842
0.24119627
-0.89816296
-0.7237023
-0.044131756
-0.6784173
0.039220214
-0.22732544
-0.75436115
0.74245477
-0.028397083
-0.92982554
0.8354199
-0.6408602
0.6634022
-0.6448804
0.079473615
-0.5717354
-0.0042471886
0.33887744
-0.41657698
-0.8415419
0.3919214
0.40476334
-0.5876497
-0.4218551
-0.1525532
0.24477243
-0.41726243
-0.2668506
-0.41043782
-0.12366879
-0.7208533
-0.42285478
0.35256076
0.529155
0.24581754
0.6292658
-0.9997822
0.45568657
0.7717587
0.9145769
-0.010486603
0.005252719
0.42985058
0.6499876
0.46928453
-0.27198374
-0.4082998
0.2721851
-0.058093905
-0.58771
0.097412944
0.8132161
-0.034276724
0.036332488
0.221295
-0.6924639
-0.29791594
0.01812756
0.18022239
-0.7378986
-0.14399922
0.9148747
0.35170794
0.5450349
-0.8524475
-0.9447439
0.6055194
-0.93857
0.5871972
0.33550918
0.7392609
-0.09387267
0.9985151
0.5846853
0.009066582
-0.66181743
-0.7958541
0.17124093
-0.24281454
-0.15811706
0.6136241
-0.2954607
-0.21429586
0.062468767
-0.54445183
-0.7405349
0.5681658
-0.2247051
0.19236481
-0.84506845
-0.18214428
0.91542923
-0.3634131
0.23860586
0.06372976
0.617275
-0.3736788
0.31796157
-0.5256698
-0.84640646
-0.22936201
-0.064698935
0.49974716
-0.5105407
0.47790086
-0.62856305
-0.71378136
0.15456665
-0.7497424
-0.50468993
-0.89700043
-0.531415
0.86392236
-0.07280576
0.08363986
-0.5831877
-0.362298
-0.32016325
-0.16801155
-0.83866405
-0.6171999
-0.13034499
-0.6834619
0.18668842
0.9678149
0.78997386
0.9458492
0.22519672
-0.35211492
0.3075204
0.7846942
0.59878194
-0.3988061
-0.46450615
0.068446994
-0.43000388
-0.5241469
0.561272
0.06655991
0.24098301
-0.5568726
0.83022356
-0.96957254
0.9064598
0.3278569
0.9314133
-0.4365188
0.3936237
0.17387128
0.9747577
-0.06979692
-0.4477657
-0.787514
0.6271521
0.26532876
0.84240484
0.028410435
-0.021719813
-0.42444396
0.9624835
0.93341124
-0.3175118
0.09550619
-0.8722836
0.61893296
0.87478125
-0.24925578
-0.67869735
-0.69908786
0.94643867
-0.9922391
-0.6316445
-0.68918216
0.80496883
-0.40030253
-0.28817105
-0.2746811
-0.6936053
0.88417506
-0.6144694
0.74301946
0.363693
-0.17590356
-0.12292242
0.47172666
0.18837643
-0.2768333
0.7534354
-0.7736943
0.25371504
0.3658278
-0.60983634
-0.22083259
0.075208664
0.6082852
0.61556387
-0.042108536
-0.35982955
-0.22348511
-0.8282819
-0.96624494
0.2934152
0.5130371
0.6313294
-0.7414222
0.766088
-0.42747653
0.72394097
0.23414326
-0.35811174
0.12393427
-0.7445575
0.36859667
-0.63215506
0.5320468
0.19488084
-0.9010297
-0.4298414
-0.44659603
0.70288944
-0.26907265
0.2204547
0.11157787
-0.5568347
-0.6602142
-0.4386437
0.066161275
-0.5847502
-0.85406077
-0.25390458
0.9422785
0.64255226
0.85928845
0.13471949
0.757089
0.6194749
-0.30121362
-0.96469307
-0.28754187
0.647308
0.93352866
0.4547701
-0.504369
-0.3418548
-0.058937907
0.8587984
-0.3494196
0.33356297
0.79805815
0.9190464
-0.60884774
-0.8293855
-0.549204
-0.7111771
0.29391515
0.43843412
0.48183954
0.29354322
-0.46432483
-0.082665324
-0.40004206
0.40259337
-0.73883927
-0.96215653
0.21905339
-0.025219679
-0.15514588
0.065053105
0.12620902
-0.79377234
0.3430599
0.7356044
-0.6822294
0.77968013
0.44500244
-0.9115422
0.9357177
-0.60377216
0.38324165
-0.119513035
0.97578526
0.29920805
0.24344146
0.09424293
-0.54356086
0.86651325
0.1422174
-0.3153863
0.20773268
-0.70101285
-0.92860997
0.33645093
0.816332
0.9725436
-0.37932992
-0.014320374
-0.21605778
-0.09012866
-0.8969277
-0.032654762
-0.8614334
-0.51991785
0.16387212
0.57712865
-0.11969352
0.42372143
0.13166869
-0.3440485
-0.67414427
-0.14533234
0.077275276
0.5245614
0.99977386
-0.605603
-0.27780926
0.6068022
-0.15138376
-0.91112435
-0.5459838
0.69328797
0.6499009
-0.5587579
-0.7366847
-0.27569604
0.25675118
0.6179689
-0.55171406
0.83108115
0.24722862
0.66210806
0.5046632
0.1935432
0.4024167
0.040549874
-0.67578614
-0.018173456
-0.23192596
0.8852228
0.29296303
-0.4137684
-0.30878186
-0.66065526
-0.7318797
-0.25009453
-0.22334039
-0.8760197
-0.09000754
-0.24911296
0.0718565
0.08826351
0.17269444
-0.008213282
-0.3646735
-0.45400763
-0.33285582
-0.79076505
-0.07067263
-0.26460123
-0.6151407
-0.11955261
0.93790996
0.027506351
-0.774084
-0.44379663
-0.4356526
-0.53236353
-0.24521506
-0.030121565
0.5061816
-0.063437104
-0.5094242
0.4487815
0.5217681
-0.6089269
0.23171806
0.88107526
-0.3494097
0.17302859
0.85870826
-0.83060527
0.6733086
0.8024454
-0.2770027
-0.4624473
-0.17963576
0.69090843
-0.88269734
0.46234643
0.6650218
0.18029654
-0.034173727
0.49756444
-0.74563813
0.7381048
0.33649194
0.36726284
-0.8925164
-0.80938363
-0.24291885
-0.13815248
0.7928904
0.87105834
-0.25999105
0.11136985
-0.2832247
-0.5197879
0.044631124
0.47985446
-0.37796366
-0.56353104
0.72087777
0.77282155
-0.4930966
0.32207763
-0.8956456
-0.26592743
-0.6041188
-0.3404349
0.92281115
0.39019024
-0.9106138
-0.71945286
-0.6897658
-0.94882417
-0.081694245
0.7381482
0.62223923
0.46861768
0.15330625
0.9800364
-0.14937532
-0.52960837
-0.6350888
-0.5860876
0.52284503
0.42101932
-0.7207879
0.7896857
-0.848024
0.0936054
0.88691485
-0.6226996
-0.48606038
0.38312376
-0.6171707
0.7772397
0.7420151
0.04836881
-0.6372919
0.5594225
-0.05404091
-0.94598186
0.28961635
0.63900936
0.8175796
-0.28588355
-0.9509115
0.874334
0.5408205
-0.2607355
0.20878279
0.4787835
0.87800443
-0.60646296
0.9330108
-0.7027719
-0.81817293
0.6115389
0.20546353
-0.7129344
0.4431671
-0.64481604
-0.3039744
-0.7011285
-0.48273444
0.3541392
0.16231954
0.7630329
-0.90400326
0.23005533
0.3774035
-0.39613008
0.5637915
-0.18440545
-0.82308304
0.7251289
-0.12754059
-0.88599217
0.05827439
-0.99987805
-0.68984723
0.07900369
-0.14118779
-0.2277863
-0.63226926
0.40951467
0.18793356
-0.5009177
0.69875205
-0.56238246
0.5703491
-0.91428447
-0.16452563
-0.5655831
0.534799
-0.46877897
-0.6979939
0.16857243
0.29775226
0.30424082
-0.9721559
-0.8680446
0.16833055
0.058331132
0.51240873
0.7095721
-0.45581937
0.25561488
0.5570339
-0.16448367
0.3645507
-0.50589454
0.12966001
-0.13129437
-0.5960196
-0.0026562214
-0.8450985
0.97315955
0.87663376
0.14666331
-0.14482379
-0.964519
-0.19254291
-0.9050002
-0.6346071
-0.15885925
0.6233579
-0.46851957
0.3937496
0.011541963
0.8180635
0.35905242
0.92520285
0.13228083
0.52204597
0.3504337
-0.3859223
0.042429805
-0.18102157
-0.6358211
-0.62869656
-0.22582543
-0.07105577
-0.8075546
0.5343379
-0.09286034
0.44362938
0.99110615
0.25968134
-0.18612814
0.94882107
0.083470106
0.7759336
-0.48988843
0.18479192
-0.040447593
-0.21217501
-0.42019534
0.7368908
0.8983393
-0.43200648
0.32069027
0.7594719
-0.13815224
-0.41579533
0.15837586
0.84000194
0.34423912
0.3871566
-0.7820264
0.51186275
-0.43966448
0.9611956
0.3417642
0.61035144
0.7353672
0.88163126
-0.17563546
-0.59576106
0.97766554
0.023593068
0.6351408
0.7738185
-0.8994248
0.85546577
-0.7509706
0.47573316
0.28760982
-0.31692576
-0.34436584
-0.65366244
0.30057335
-0.22157252
0.31285608
-0.9584836
-0.69495416
-0.15033543
-0.6879785
-0.73443997
0.7785367
-0.4611683
-0.21060133
0.35998344
-0.522733
0.8544674
0.52326167
-0.6586194
0.32771945
-0.028876066
-0.028317451
0.013119817
-0.70520186
-0.49637818
-0.084368944
-0.57226694
-0.16805124
0.06696582
-0.03736341
0.82530785
-0.83159363
0.07165384
-0.0676409
-0.9206114
-0.68036544
0.71803045
0.48730934
-0.21159363
-0.13998425
0.013091683
0.0963037
0.3813181
0.8691993
-0.65933347
-0.262084
0.16601598
-0.591251
0.2044177
-0.21465302
0.12450659
0.9135957
0.7970418
-0.21184433
-0.28257942
-0.84066594
0.12413132
0.8118322
0.05093813
0.31384623
0.65433323
-0.54887545
-0.18822503
-0.021368861
-0.46309507
-0.6584978
0.5017953
0.20630419
0.012978673
0.10554826
0.09568441
-0.9629506
-0.0314883
-0.755957
0.4767493
-0.9243977
-0.11303651
-0.022060513
-0.667598
-0.36486077
-0.4585867
0.8364742
-0.15146148
-0.23498142
-0.5664332
-0.35631657
-0.9515536
-0.5283389
-0.41340697
0.16226935
-0.72413063
0.20825756
0.20694232
-0.9020575
0.7035221
0.47794855
0.85542965
0.44323182
0.21899402
0.5514078
0.049366713
0.6476598
-0.75779915
-0.11560249
-0.8738977
-0.8522122
-0.6138464
0.03110373
-0.7640611
0.08883679
0.09090245
-0.46157074
0.5322275
-0.7614956
0.92539895
-0.51531374
0.052965164
-0.8413547
0.93129015
0.6592921
0.037127733
-0.4067223
-0.27486753
-0.30957985
-0.88277745
-0.91017044
-0.08872473
0.19358063
0.13533545
-0.66122365
0.29804182
-0.12940657
-0.56725776
0.24524105
0.3474021
0.7263675
-0.9163593
-0.108631015
-0.10307765
0.6375884
0.43370903
0.27324212
0.42746365
0.5063578
0.7471912
0.86990225
-0.25278366
-0.5772184
-0.92347324
-0.999897
0.9397764
-0.44050586
-0.5081407
-0.2736615
0.5799234
3.927946E-4
-0.57894814
0.36340928
0.6356207
0.09395194
-0.5377079
-0.065598845
0.009865165
-0.8968283
0.08045089
0.09088528
-0.52606964
0.44048393
0.0557642
0.88301826
-0.27188528
0.32407367
0.42108965
0.5419321
0.70239556
-0.37441278
0.4351555
0.24049401
-0.036269665
0.50784373
-0.541682
-0.8454325
-0.50328195
0.34098065
-0.47991872
0.4869784
-0.78123844
0.6586933
0.020962238
0.2783457
0.7098392
-0.4486028
0.05340135
-0.44305205
0.8918208
0.02501893
0.9467958
-0.17577171
-0.8244641
0.27371228
0.061042428
-0.90995264
-0.9206536
0.46937776
-0.17679179
0.12526357
0.9658618
-0.8360578
0.30626845
0.65778756
-0.4199915
0.4917022
0.10174656
0.6773273
-0.98051536
0.46466517
0.18523633
0.51523066
0.9265351
0.34599805
-0.7078427
-0.98293674
-0.36194646
-0.40606856
0.9188793
0.9209374
0.13056934
-0.42445815
-0.6189915
0.8945588
-0.5096971
-0.80225587
-0.13313663
0.8750919
0.7499924
-0.011149049
0.6219276
0.11117375
-0.0313164
0.84171104
-0.6774372
-0.7551428
0.8744762
0.6084733
-0.5910611
-0.08166075
-0.9891161
0.6834793
-0.7562932
0.6776589
-0.32614136
0.44690442
0.07134354
-0.2889719
-0.17131269
-0.55391777
0.031550765
-0.5527668
-0.73473847
0.098706245
-0.88196707
0.8999908
-0.62081337
-0.1966548
0.69213045
0.43391562
-0.17130017
0.08516872
0.7110834
0.30974376
0.8684554
-0.1079905
-0.5036427
-0.19021201
0.13725877
0.6476197
-0.037069917
0.22468317
0.09535599
0.081250906
0.60141957
0.68094397
0.96674395
0.25775528
0.028372884
-0.70640755
-0.9767623
-0.6412151
-0.9958434
0.9332694
-0.78896344
0.49812675
-0.09787905
-0.09680176
-0.39013684
-0.26623344
-0.332227
-0.16522181
-0.04678428
-0.836812
0.33453298
-0.65567636
0.63097286
-0.08979297
0.69646955
0.56668484
0.22883701
-0.5589287
-0.65733373
0.11957669
4.7910213E-4
-0.84935296
-0.9717376
-0.21296751
-0.23341703
0.85852623
0.42069864
-0.9205985
0.920359
0.72834027
0.27447307
0.5748395
0.60283303
-0.6937802
-0.25675833
-0.27628767
0.085892916
-0.34278297
0.05506921
-0.34063387
-0.8594743
0.90886545
-0.59298265
0.96922076
0.12697363
-0.5075847
0.46224272
-0.29175663
0.95901346
-0.23559022
0.070819736
0.9579545
0.4837891
-0.08982229
0.13031256
0.62984836
0.48044252
0.6487752
0.23064303
0.07036209
0.99526036
0.5044339
-0.20175576
0.33944917
0.4595126
0.66741896
0.80630255
-0.79321814
0.62119484
0.77839947
-0.7782191
-0.75471556
0.18730521
0.5322386
0.7178354
-0.38605
-0.07580936
-0.33696008
-0.17461693
-0.17011726
0.286193
0.6521152
-0.3055836
-0.94139016
0.20491028
0.06026292
0.5798787
-0.86643314
0.021673322
-0.452345
0.68547845
-0.011824489
0.51441514
0.88721967
0.24992657
-0.30876982
0.16829622
0.23545277
-0.0668174
0.46879494
0.1598345
0.88910866
-0.62389815
-0.46988738
0.6406846
0.174469
0.017331004
0.1540469
0.7747177
-0.9086062
0.13961124
0.20544183
-0.6630256
0.1268748
-0.0017248392
-0.6871028
0.5429994
0.17836213
-0.39664555
-0.4675491
0.9408294
0.85798764
-0.83967996
-0.96656954
-0.25441766
-0.6865362
-0.268754
0.6674181
-0.21048772
-0.015314698
0.7975793
-0.88073575
-0.5588759
-0.04210818
0.058417678
-0.5029783
-0.6606749
0.4789487
-0.013808012
0.9084431
-0.202312
0.09737396
-0.08187425
-0.08556259
0.24605596
-0.65704525
0.3512615
-0.73000085
-0.6404978
0.95316637
0.7268857
-0.50775015
-0.37309873
-0.205598
-0.5361687
-0.62873924
-0.6368581
-0.26824665
0.9875672
0.306391
-0.3183422
0.9355185
0.69266665
-0.5406256
0.11003494
0.2587719
-0.6091212
-0.77804494
0.52480817
-0.673532
-0.9124379
0.86340415
-0.64273536
0.4461993
0.67887855
0.8208848
-0.18354797
-0.8563657
0.18535101
0.6987549
-0.29377794
-0.542148
0.7798487
0.33316147
0.57886183
-0.32446706
-0.49325764
-0.65643585
-0.95125926
0.1667651
0.1320765
-0.57272756
0.4467721
0.79385805
0.9515668
-0.34290826
-0.7270771
0.039033294
-0.91521454
0.52237034
0.52333736
0.7344469
0.30196548
0.123030305
-0.36405623
-0.06778681
0.79766357
-0.5963186
2.3245811E-5
0.032702446
-0.39249182
-0.3739493
0.47870135
-0.5376016
-0.843858
-0.6456448
-0.25247633
0.7802839
-0.6468196
-0.5922159
0.28725314
-0.42740095
-0.12222409
0.76109517
0.19612265
-0.49535942
6.335974E-4
-0.101163626
0.49856532
-0.2739302
0.20578563
0.2075454
-0.0022480488
0.9202286
0.7450433
0.58631957
-0.09682953
0.75174594
0.3690176
0.4385525
0.19831872
0.5600164
-0.8556247
-0.14822531
0.014915228
0.78496647
0.3332907
-0.73994124
-0.05229032
0.86815155
0.6548128
0.8022542
0.35805213
0.97517323
0.27729046
-0.5664712
0.13620377
-0.28057516
0.045548677
0.51771784
0.26451194
-0.32670462
0.6968852
0.93044555
0.7698542
0.5284351
-0.83189726
-0.14920747
-0.5207331
0.66504216
0.07493389
-0.46844065
0.38373065
-0.87887585
-0.3802246
0.9403318
-0.3607217
0.68234146
0.6493623
-0.31279242
-0.65926373
0.36361313
0.46780252
-0.06189549
0.52159417
-0.09631944
-0.029512525
0.79916906
-0.52495253
-0.8219564
0.3902303
-0.90166855
0.84874666
0.44511747
-0.34072912
0.6411538
0.21304834
0.022386074
0.34147978
-0.6573187
-0.605327
-0.052751184
-0.9386127
-0.49582982
0.04096186
0.17094755
-0.83497286
-0.3112769
0.15196323
0.2794367
0.33769643
-0.1653446
-0.012791753
-0.79542434
0.45257652
-0.4822687
-0.59868395
-0.88889015
0.9399096
0.62739
0.64884734
0.004319787
0.38855433
-0.44188082
0.66666365
0.640972
-0.60905457
-0.35813665
0.21529186
-0.7604207
-0.6792878
-0.326321
-0.25550008
-0.8715333
0.8226737
-0.3701067
-0.07119465
-0.14847028
0.36207235
0.07118666
0.2635318
-0.9621391
-0.18055427
-0.806051
-0.52987313
0.3548888
0.45640576
-0.62017167
0.56084454
0.5838276
-0.22598183
0.63975847
-0.13110602
-0.084156156
-0.9711119
0.20529127
-0.94664633
-0.7415775
0.18317509
0.24343312
-0.28763986
0.111234546
0.5955279
0.22425377
-0.2616048
0.52286446
0.09355998
0.72247314
-0.3377633
0.033843637
0.5194156
0.6604011
-0.025120616
0.26354706
-0.7460698
-0.6183362
0.58831084
0.980919
-0.521201
0.07098162
-0.72348213
-0.15977657
0.4382516
0.39901078
-0.01117599
0.34781408
0.15143692
-0.22668874
0.49120545
-0.40468
0.87475014
0.02350545
-0.20857716
-0.45410037
-0.8783574
-0.046476483
-0.55427825
0.54685426
-0.2507522
-0.92435145
0.11481905
-0.22633612
0.08087695
0.525252
-0.097509146
0.6534449
0.3468039
0.0733037
0.120128155
0.2921871
-0.9802922
0.14382553
-0.4947791
-0.48158288
-0.44610596
0.549593
0.69218135
0.49093986
0.29840207
0.43194366
-0.7171825
-0.3089738
0.16405773
-0.31381416
0.36493337
-0.5228816
0.23537314
0.43569398
0.23604798
-0.1736685
0.71314967
0.25447297
-0.35858
-0.81849957
0.16715693
0.6051601
-0.45099044
0.88127494
-0.583967
0.038761616
-0.3424573
-0.95393205
-0.18945527
0.18176246
0.047531724
-0.74697065
-0.81524193
0.40976262
-0.9997102
0.24340653
0.19695222
0.7748635
-0.3307768
0.30669963
-0.32103312
0.52328587
-0.58517003
-0.9248382
-0.54893935
0.12305975
0.91495144
0.0929749
-0.12752318
-0.26180112
-0.87875843
0.70659614
0.25021386
-0.4390272
-0.48088133
0.22234547
0.71568894
0.27934432
-0.4895289
-0.2834475
0.92801404
0.55024445
0.906181
0.84101343
0.13167906
0.91525304
-0.89955986
-0.92309666
0.87500775
-0.21617126
0.39342892
-0.55535674
-0.19547355
0.4771285
-0.19294953
0.12282193
-0.8586918
0.8355664
0.55513394
0.8696114
-0.99835944
-0.58527756
0.8211626
0.8349844
0.9604535
-0.89758253
0.6807351
0.2174319
-0.98244953
0.26635802
0.6814537
0.32707226
0.29075468
-0.12538242
0.8398241
-0.30344903
0.7348225
-0.085499406
0.49438798
-0.18328619
-0.59016395
0.76941526
0.70926356
0.4067155
-0.73152494
-0.19508433
0.6763587
0.5552672
-0.89997053
-0.5230632
-0.97714937
0.9446415
-0.30653465
0.9265926
0.07939327
-0.79838777
-0.9732678
-0.20788229
-0.7284845
0.37571895
0.45052195
0.2812575
-0.08936238
0.9473872
-0.46120417
-0.7554716
-0.88787436
-0.4049909
0.18380332
0.81543446
-0.5328349
0.33586907
-0.69053924
0.28831422
0.8355416
0.39180326
-0.5154357
-0.6553416
0.38148355
-0.8360388
-0.011688948
-0.022641182
0.19965005
-0.3644712
-0.7017852
0.86858165
0.80944276
0.11652303
-0.6508287
0.3261721
0.9506757
0.91680443
0.59786093
0.8573581
0.7910718
-0.1454649
0.2958249
-0.8551066
0.4361564
-0.29403973
-0.6643816
-0.4161719
0.8762028
0.16336203
0.52688265
-0.9628084
-0.14446211
0.6323571
0.6536937
0.38266933
0.030570865
0.46464348
0.66308653
0.46273553
0.8994273
0.8413507
0.8704301
0.8368182
-0.17560124
-0.4948957
-0.7952155
-0.70870495
0.7961215
-0.44823337
0.8522208
0.32310903
-0.04568541
0.35784328
0.81426835
0.11343062
0.11410284
0.91526544
0.04039097
-0.9067855
-0.7392318
-0.99357367
0.10711372
-0.27688873
0.061775208
-0.9300095
0.6228584
-0.8773818
0.57694733
0.72937346
0.38862324
0.6504983
0.4807905
0.8844124
0.12358081
-0.6705164
0.9815197
0.26239586
-0.41408157
0.39852035
0.24689293
-0.6967062
0.028503776
-0.55307007
-0.6736448
-0.71199584
0.0031843185
0.12475395
0.37228882
0.43621838
-0.025072336
-0.17363727
0.2717123
0.18687618
0.4670229
0.91051877
0.74612474
0.5701393
-0.49809003
0.75614953
0.4851973
0.18263566
0.9308219
0.47198284
0.15473819
-0.85907674
0.39252818
0.49906957
0.14713967
-0.9785383
0.67150426
0.19346774
-0.009079576
0.36487556
0.2345283
0.18360984
-0.54615414
0.15021193
-0.16103113
-0.2989701
0.8915105
-0.2902466
-0.01591158
-0.071682334
-0.5784683
-0.008490801
0.30799496
-0.15521026
0.43521833
-0.32421446
-0.96187186
0.13506246
0.9675522
0.36150885
-0.46567202
0.92136645
0.98765063
0.46073544
0.60380113
0.7561997
-0.01811421
-0.6641754
0.43112314
-0.7568288
-0.20190668
0.99905777
-4.925728E-4
-0.4777311
0.9006473
-0.05863774
-0.8411268
-0.250803
0.5326828
0.5937158
0.92996836
-0.38899803
-0.8452586
-0.06342828
-0.8385979
-0.74766076
0.57117367
0.9002429
-0.25139284
0.04505372
-0.2094084
-0.36010373
-0.21754348
0.13116884
-0.40040743
0.37614524
-0.74631524
0.22501194
-0.4537921
0.27596164
-0.63811624
-0.20053005
0.29864204
0.47475898
-0.33965933
-0.56411827
0.7146864
0.6313149
-0.16266513
-0.8752532
-0.74220073
0.8411938
-0.9511075
0.9093809
-0.7614385
0.9462869
0.56688666
-0.8827058
-0.36236823
-0.44099498
0.8104527
0.08102262
0.6522578
-0.08318007
-0.66007173
-0.3256849
0.5579293
0.0997566
-0.60587907
0.050105333
-0.27377927
-0.56013584
0.35811186
0.9389622
-0.2931689
-0.95634985
0.0057177544
-0.067635655
0.9651276
0.30821776
0.3451208
0.9220693
-0.75379586
-0.13208616
0.81622314
-0.21081114
-0.5260848
0.44544482
0.8834585
0.43472838
0.7311075
0.14065576
-0.2912073
-0.87606096
-0.87081754
-0.531224
-0.4215803
0.09276128
0.46625483
0.3114078
-0.37357807
0.5550474
-0.52014124
-0.6223408
0.713853
0.17952156
0.48996592
-0.044403315
-0.82196486
0.20722282
0.3498546
0.9878948
-0.30871773
0.49135852
0.20617628
-0.19130182
0.3189788
-0.39378047
-0.27325976
-0.63394487
0.7334027
-0.05954039
-0.42234826
-0.78315735
0.6425997
0.41927302
0.19432569
0.9661534
0.08492458
0.65268207
0.74863255
0.73415995
0.10279596
-0.7475544
-0.0966562
0.4302932
-0.74181247
0.573375
0.9827117
0.51316226
0.8331255
0.89776456
-0.1267333
0.087295294
0.74792385
0.18208265
-0.11817324
0.86298466
0.13626707
0.9171773
0.27961218
0.06806278
0.07900143
0.81740963
-0.005173564
-0.1086874
0.6883265
0.25698805
0.30492747
-0.34628534
-0.9470719
0.3262217
0.12914824
0.4993484
0.535686
-0.29441965
-0.88203585
0.98227894
-0.37664258
0.27674472
0.9467243
-0.8348236
0.5577984
0.4388728
-0.40561402
0.562006
-0.04221666
-0.1869849
0.7553079
-0.070590615
0.72752905
0.6420927
-0.49631965
0.17412567
-0.06793296
0.37852657
-0.20100737
0.78800976
0.7213533
-0.7469039
-0.9392276
0.69513977
0.55639386
0.99980664
-0.19322383
0.30069637
-0.7850796
0.24160099
0.9771676
0.12850463
0.64570737
-0.40394902
0.07559478
-0.36063683
-0.4548049
0.52034247
-0.5547216
0.7078264
0.42462492
-0.13117075
-0.05566466
-0.47054815
-0.6714039
-0.42170167
-0.14908314
-0.6815449
-0.30371106
-0.2737304
0.15791023
0.57823646
0.0952487
-0.76722515
-0.56723416
0.68163157
-0.29343688
