0.18783367
0.039654136
-0.060302854
0.8166634
-0.24352705
-0.4130782
0.35398817
0.35132062
-0.075544596
0.63620055
-0.948068
0.29555082
0.25501442
0.31498826
-0.28913736
0.8079394
-0.4013276
0.7781414
0.617434
0.24278903
0.16042686
-0.34684086
-0.27599645
-0.45929098
0.8558196
0.39816356
0.9821359
0.62389755
-0.4076147
0.57526004
-0.11636865
0.67029774
0.17084837
0.9343381
-0.93916297
-0.42678726
-0.16397357
0.30449402
0.055300236
0.7562686
0.75582194
-0.23636901
-0.57870185
-0.36108994
-0.6036645
-0.29978514
-0.15428281
-0.56062746
0.18997312
0.5360353
-0.4940338
0.57297695
0.5880072
0.49080765
0.43034577
0.66244686
0.8235917
-0.45808232
0.06882095
0.5568054
-0.6018127
0.9501051
0.7980131
-0.9393835
-0.3257879
-0.57154894
0.9395261
0.83246255
0.46427035
0.9745724
-0.5107012
0.84225094
-0.9607519
0.57793176
-0.40905094
-0.1909461
0.2005831
0.7862067
-0.47352028
0.019425154
-0.630003
0.6921704
0.15829766
0.32209516
0.1759907
-0.1845175
-0.42641747
-0.6410099
-0.91873336
0.35640526
-0.59186065
0.11772883
0.3160193
-0.002221346
-0.4491378
-0.8931738
0.16548085
0.10354543
0.57453763
0.14782345
0.49437523
-0.29430807
0.72320735
-0.10712528
-0.54054976
-0.117375374
0.5644084
0.85255814
0.6887548
-0.39177465
0.5480815
0.41014314
0.23931074
-0.78498816
0.23671663
0.6390966
-0.07809329
-0.8015014
0.089408875
0.7497612
0.027004242
0.49810612
-0.29764342
-0.20173728
-0.68245625
0.46092224
-0.81397355
0.7799002
0.04014516
0.12611532
-0.7628622
-0.37557507
0.010321498
0.27403188
-0.20185268
0.78248596
-0.8543103
0.79132295
0.5853063
0.80413187
-0.6741321
0.09299564
-0.5982543
-0.2547282
0.4054035
0.9880942
0.15596688
0.6881207
0.7596319
0.59408236
0.652416
-0.40339756
-0.07444835
0.4659512
0.9041109
-0.42648184
0.18887353
0.11414385
0.4356042
0.74269104
-0.8773153
-0.3332796
-0.37458432
0.3557161
-0.8106953
0.16576993
-0.95184934
-0.45854414
-0.10244954
0.057422638
0.03353274
0.09747648
0.77513444
-0.69861734
0.7042196
-0.47067797
-0.71535397
-0.024512649
-0.15567935
-0.5522959
0.24086499
-0.9862145
0.6924683
-0.35466814
-0.633664
-0.25512207
-0.5096911
-0.5147555
-0.68344724
0.09729254
0.46222007
0.3605889
-0.2820574
-0.5256829
0.64760387
-0.032097578
0.95131946
-0.63244295
-0.810369
-0.1735338
0.8919995
0.9144944
-0.493106
0.25259984
-0.0448035
-0.93661535
0.66075325
0.65270174
0.2696401
0.116659045
0.71874285
-0.6892297
-0.2946589
0.26475906
-0.21156037
-0.39806795
0.030168533
0.36456275
-0.1978656
0.089864135
-0.6846938
-0.2792753
-0.20784497
0.75460005
0.32713878
0.8793522
-0.10432005
-0.5168054
-0.5629281
-0.040672302
-0.6843307
-0.58577883
0.9828644
-0.6484715
-0.27769482
0.39463758
-0.608649
-0.35164297
-0.5469806
-0.42664897
0.5822233
0.72088706
0.4978106
-0.19326615
-0.90230143
0.39902902
0.9777833
0.8468988
0.80601406
-0.65292263
-0.4399022
-0.33104765
-0.44568896
0.15474296
0.050172806
-0.33239877
0.5582861
-0.368356
0.5602907
-0.9760448
0.3054992
0.16446674
0.2610389
0.12894845
0.28384757
-0.95947385
-0.473251
0.35333598
-0.055021167
0.5615742
0.6698679
-0.45503998
-0.7137517
-0.059660196
-0.35791326
0.057352424
0.17162049
0.8992808
-0.980796
0.3926313
-0.57533634
0.8379744
0.92169404
-0.47915912
0.5477315
0.44578743
-0.7441889
-0.16202676
0.0047591925
-0.9302473
0.41299856
-0.45546055
0.058862686
0.23285449
0.6054003
0.84913766
-0.5594671
-0.6665945
0.08678889
-0.853896
0.034570813
-0.6448295
0.1333915
-0.67624533
-0.13761234
-0.74294984
0.028797746
-0.8016845
-0.79708564
0.8889581
0.6321509
0.9511697
0.046052456
-0.71651936
0.4356184
-0.24452555
0.82775366
-0.33137894
-0.13251376
-0.75067496
-0.5442985
0.45592582
0.28872645
0.9488833
0.526026
0.5241642
-0.5513264
-0.8988261
0.96237016
-0.942006
-0.53626907
-0.9890641
-0.6203176
0.54219437
0.40242887
-0.97452855
0.4420532
-0.535759
-0.78264725
0.8097384
0.8998225
-0.31211698
0.54585946
-0.6550499
-0.2634629
-0.8767464
0.6520797
0.5941025
0.85161006
-0.92812026
-0.6664995
0.34951425
0.40881836
-0.6697537
0.19739914
0.77763367
-0.66321504
-0.80044186
0.34537232
-0.21793354
-0.626884
-0.28434384
-0.5146315
-0.7470896
-0.99635005
-0.28592014
0.7514123
-0.14464617
-0.2969737
-0.09368658
-0.96740174
0.72586596
0.11503792
0.07538772
0.5661396
0.57589173
0.15216148
0.25333893
0.6564778
0.5869664
0.46394873
-0.37045014
0.12897027
0.121384144
-0.7189028
0.6065035
0.04290235
-0.63744426
-0.46306813
-0.93094933
-0.107450366
0.31148517
-0.0045768023
-0.12716854
0.3338349
-0.15508509
0.0128673315
-0.62550366
-0.93383384
0.7464819
-0.13060701
0.7484664
-0.8642452
0.97472286
-0.30682635
-0.2752136
0.49385655
-0.42438304
-0.31477284
0.30253005
-0.112945914
0.70693874
-0.6293545
0.5009371
0.091956615
0.4718715
-0.9621943
-0.5528451
-0.025161982
-0.23086536
0.022438645
0.9445728
0.84234154
0.8169507
0.5459522
-0.43709528
0.6883837
0.5146127
-0.39244437
0.5844859
-0.47164357
-0.40673864
-0.3256029
0.42729414
-0.26831865
-0.5747813
-0.39272726
0.162153
0.69871664
0.6856755
0.18892431
0.32900083
0.40836835
0.64615405
0.0028856993
-0.17916131
-0.846176
0.40364134
0.373968
0.8509948
0.94260585
0.23352766
0.11172068
-0.45454943
-0.090551734
-0.2742616
-0.44631088
0.19386864
0.36625195
0.11771512
-0.6392702
-0.8630023
-0.7429366
0.5591823
-0.25846112
0.70068383
-0.13783026
-0.43320405
-0.1886648
0.7991015
-0.13997912
-0.98328507
0.60611045
-0.09171963
-0.6518862
0.15874743
0.9340346
0.9484447
0.30445063
-0.939415
0.37227356
-0.4246409
-0.9741355
0.59740996
0.8974714
0.31936705
-0.6338223
-0.5305257
0.8064997
-0.67817354
-0.832953
-0.5405891
-0.8233838
-0.08655465
0.38847697
-0.080028296
0.97942793
0.7648541
0.8510716
-0.661512
-0.8039174
0.7129792
-0.9824426
-0.5412761
-0.0568676
-0.14197147
-0.042133093
0.79272246
-0.81331336
0.3854686
-0.11961532
-0.15867293
0.3293203
-0.77601147
0.20352483
0.40429842
-0.9469677
-0.23443055
-0.45663476
0.17857504
0.01960373
-0.88413036
-0.89330673
-0.47308958
-0.25106657
0.8000914
-0.92997646
0.3923142
0.13449943
-0.557094
-0.8392931
0.026028633
0.053148627
-0.23734307
-0.78991973
0.723384
0.4120915
0.8060081
-0.884814
-0.18685532
0.93548703
-0.2204299
0.8471867
-0.90803957
0.27587628
-0.4594624
-0.9135622
-0.65426624
0.41576493
0.44574642
0.37426734
0.281263
-0.25124848
-0.4526384
0.66597617
0.08482075
0.7861873
-0.83464015
0.3097999
0.65550435
0.4656855
-5.9366226E-4
0.2859832
-0.1424793
-0.8384292
-0.32678664
-0.33736765
0.5791118
0.5427489
0.88967764
0.8910481
-0.52564776
-0.51494205
0.8136357
-0.02880776
-0.14114225
-0.83700764
0.69133556
-0.8808842
0.43586028
-0.21962237
0.72659695
0.19177055
0.2874807
-0.051674366
-0.16861379
0.8241297
0.4915688
-0.6675768
0.70847034
0.6885656
0.47758424
-0.5381031
-0.3722986
-0.40331876
-0.78276455
0.32157528
-0.27508163
0.26742887
0.7271545
-0.73066866
-0.23677659
0.021194458
0.9714614
-0.18403268
-0.44093668
-0.70280194
0.7148107
0.24178708
-0.28825068
-0.76927984
0.8868129
0.62903297
0.15495253
-0.45697308
0.19504952
-0.17529905
-0.35562515
-0.1453805
0.14497793
0.86341095
-0.40578747
-0.0692848
-0.579324
-0.5066924
-0.19250381
0.45799518
0.99295247
0.16957176
-0.376073
0.85231614
-0.07350004
-0.4264027
0.10746753
-0.6092353
-0.71855617
-0.7912568
0.7090055
-0.74324703
0.08749485
-0.16005504
-0.65686953
-0.98706424
0.053664923
-0.85777724
-0.022466063
-0.09443033
-0.34270847
-0.40903187
-0.833678
-0.86612535
-0.21866393
-0.30951786
0.7745768
0.78268266
0.2809534
0.52661335
0.5190451
-0.75539565
0.7026645
-0.6410017
-0.36769247
-0.0363909
0.3941213
0.44636905
0.9038545
0.9887142
0.47336864
-0.9632473
-0.39319456
-0.7140026
0.77524745
-0.87501585
0.84628975
-0.36413813
0.8416592
0.22126877
-0.8276149
-0.9507443
0.14914119
0.4109919
0.41153443
-0.0835073
-0.011752844
0.28810203
-0.22532845
0.6003171
0.4835117
-0.06360531
0.386896
0.50124705
0.16157663
0.9427806
-0.5788233
0.0794245
-0.6731272
0.83341014
-0.35583806
0.0028219223
0.4908502
0.22112119
-0.8491719
0.2141335
0.04842639
-0.65204906
-0.5366063
0.009989023
0.0071692467
-0.78962386
-0.8605455
-0.55295444
-0.3650545
-0.32010818
-0.6351689
-0.98685133
0.9813063
-0.18122458
-0.29084456
0.48337626
0.7254461
0.6055747
-0.73260057
0.17418861
-0.38996613
-0.103000045
-0.6423806
-0.65997756
-0.9041536
0.8382772
-0.08568382
0.5211953
-0.20252454
-0.28818667
-0.22823215
-0.53165376
0.7669616
0.6588787
0.039819956
-0.98549914
-0.23679459
-0.87845397
0.9543613
0.67632043
0.51636386
0.63884723
0.54306555
-0.760793
0.61176527
-0.84680974
-0.7004744
-0.6184169
0.9961196
-0.94834125
0.33486533
0.9501362
0.13689578
0.08902192
-0.4158988
-0.13608468
0.7367668
0.6520957
-0.43092144
-0.93402946
0.695649
-0.033287287
0.014783859
-0.57742286
0.92601097
-0.6284164
-0.8597901
0.8631439
0.627103
-0.11570978
0.7555783
0.076789975
-0.6596719
0.8818978
-0.7221229
0.96796167
-0.3324319
0.912109
-0.92886543
-0.014674187
-0.69587433
