0.21004057
-0.46734083
0.73876846
-0.30419612
-0.019703507
-0.85456765
0.75549114
-0.9007851
-0.10365784
-0.23492014
0.7107328
-0.23506832
0.55271816
0.29763246
0.094976306
-0.9715642
-0.576082
0.13313901
0.52198946
-0.9462489
-0.9841113
0.27053356
-0.18229282
-0.35253203
-0.5805372
0.20403719
-0.3067484
-0.74906623
0.5305054
0.8092973
0.6523466
-0.08207905
0.8681644
0.71704435
-0.7193872
0.21680868
0.041973233
0.69983876
-0.8363675
-0.2976277
0.8285661
-0.7464497
-0.13923395
-0.9591155
-0.23643196
-0.55909336
0.2572471
0.23283339
0.78420424
0.072322845
0.51910007
-0.6191323
-0.67002594
-0.8968688
0.23117352
0.8485341
-0.6147455
-0.31867456
-0.7884141
0.7311876
-0.9019381
0.32236636
-0.77410233
-0.37142336
-0.8911879
0.23502171
0.28737748
0.6147406
0.7534176
0.6734824
-0.50192654
-0.07803941
0.45432281
-0.57382655
-0.81243026
0.5997708
0.3752699
-0.96791124
-0.6729578
0.71693504
-0.3089285
0.18371701
-0.6234292
-0.48549378
-0.58089375
-0.044498205
-0.4391439
0.29358554
0.8875251
0.19337952
0.4160627
0.26537383
0.69540656
-0.39940524
0.8182272
-0.33198035
-0.022282124
0.02527666
0.757537
0.26031935
-0.6454326
-0.7550037
0.18508208
0.96346354
-0.042241335
-0.5171889
0.30791295
-0.40304065
-0.8677738
0.08943534
0.8791766
0.03303957
-0.04407239
0.67976725
0.1137557
-0.103999734
-0.33416152
-0.30714607
0.8034817
0.41094565
0.8827244
-0.6924211
-0.38686943
-0.0564425
-0.43749917
0.1282407
0.16882384
0.9832102
0.64261603
0.5723213
-0.1798544
0.15171385
0.07965219
0.74596417
0.43852627
0.6461499
0.47712755
-0.6389388
-0.46425092
0.2548586
-0.22557187
0.292714
0.7325624
-0.33988738
0.90930605
-0.66022754
-0.7806364
-0.36994755
-0.71591735
0.05798626
-0.47399974
-0.5919633
0.9724809
0.89010525
-0.49054456
-0.83713555
-0.480968
-0.29362237
0.9862802
-0.16718483
-0.06836796
-0.9401243
0.54715395
-0.3241657
-0.018282771
0.50277865
0.61613667
0.9544046
0.5435729
0.03221786
0.23554778
0.5949118
0.66862035
0.7488892
0.0037369728
-0.44292974
-0.94746196
0.010921955
0.35830653
-0.25006866
-0.930586
-0.57669747
-0.57112134
0.38911664
-0.41933596
-0.12544227
-0.91521513
0.98838174
-0.85364115
0.25373578
-0.16614926
-0.96810114
-0.65176344
0.46956122
0.80478835
0.6274359
-0.1412903
-0.25118887
0.23983037
0.97187114
0.246472
0.99254227
-0.53530943
0.6774039
0.7910278
-0.92187893
-0.92554736
0.34887516
-0.31401253
0.5546459
-0.38238943
0.24048269
-0.24906087
-0.88686216
0.073456645
0.35582864
-0.64298964
0.7258811
0.2538736
0.52187204
-0.17898011
0.42785764
-0.5709256
-0.6705755
0.5627613
0.6249074
0.1439929
-0.5139648
-0.7188717
-0.3931048
0.680099
0.19840765
-0.87465763
-0.050151706
-0.09507215
-0.65091896
-0.9383546
-0.17992389
-0.5266695
0.14544535
-0.48615158
-0.7617221
-0.70861113
-0.18104863
0.9447261
-0.70360196
-0.22663498
0.0905627
0.8073112
0.599607
0.31747293
0.27829838
-0.40019572
0.0665648
0.35745776
-0.08143008
0.38047743
0.1806705
-0.27006638
0.95063937
0.72123384
-0.8578781
-0.49554205
-0.7501451
0.7883115
-0.29460156
0.08289969
0.49858284
0.030090094
-0.8394488
0.6715747
0.99337506
-0.7744955
0.5720298
-0.79512286
-0.5263828
-0.29120278
-0.5504887
0.65000653
-0.07736957
-0.8498373
0.19640672
-0.79761815
-0.42983687
-0.043614626
-0.55026186
0.20022249
-0.92014515
0.18623698
0.5574651
0.3105656
-0.26771224
-0.21617651
0.48494744
-0.5100415
0.9406166
-0.742852
-0.76888585
-0.12028277
-0.18031263
0.91301525
0.9784088
0.7927512
-0.039530754
-0.94654787
-0.40872037
0.5775322
0.76024246
-0.30031598
0.38969195
0.8520999
0.3772509
-0.59972
-0.68804276
0.4905604
0.8996588
0.36951613
0.38140965
-0.9238864
-0.042919517
0.8656764
0.8217076
-0.775738
-0.39559448
0.53856766
0.024613857
-0.7002369
0.74905264
0.038856745
-0.057902575
0.3296088
-0.91763246
0.9830878
-0.7871733
0.23662746
-0.14691114
0.30778456
-0.41582847
-0.57480824
-0.14366806
-0.06945503
0.87851787
0.9392854
0.7073512
0.6783712
0.08211887
-0.7626934
0.3586316
-0.23721278
0.09216738
0.59727156
0.46608222
0.2029829
0.51087296
-0.5534934
0.7109705
0.9539081
0.67288184
0.8237817
-0.33431542
0.92383444
0.16446507
0.7076267
0.91166127
0.3095281
-0.44914198
-0.78292453
0.5663099
-0.112760544
0.2645284
0.5012988
0.37320614
0.13084579
-0.20418108
-0.570207
0.30817723
0.74757683
0.92342687
-0.4215052
-0.9636432
-0.20405114
0.96187294
-0.7608335
0.33629477
-0.24477768
-0.5959368
-0.32435238
0.13249195
-0.5674801
0.19807589
0.1833725
0.4242139
-0.48941028
0.798496
-0.09358251
-0.9256464
0.85021126
-0.5646951
0.21403718
0.06689501
0.7668092
-0.60992336
0.77718616
-0.074113965
-0.29239798
0.88387907
0.512174
0.014718533
-0.22353089
0.16889381
-0.87312305
0.4351275
-0.9922073
-0.937309
-0.8754058
0.2851292
0.2032311
-0.76211095
0.45771468
0.7098024
-0.5516646
0.6294427
-0.599897
0.11535251
0.45702457
-0.82290936
-0.8979455
-0.7265289
0.8953326
-0.6070949
0.3395524
0.009076357
-0.5380875
0.8259847
-0.5385748
-0.53920853
-0.691816
-0.9380499
0.92109394
0.28194487
0.32861578
0.3991258
-0.8425535
0.89365554
0.81059885
0.52243173
-0.77826416
0.32516313
0.17906952
0.3676635
-0.6497016
-0.87433875
-0.71486974
-0.2681787
-0.27142417
0.18346548
-0.5417212
0.11954284
0.708933
-0.54941106
-0.1373663
0.6828301
0.61784875
0.9831525
-0.53086996
0.05371201
-0.44176364
0.34125078
-0.015314817
-0.688921
0.97718906
-0.7521442
0.5787052
0.4687506
-0.4181354
0.018284678
0.33614337
0.7082056
-0.04372108
0.20414329
-0.4299624
0.3739084
0.12549245
0.24417138
-0.123327136
-0.44937396
-0.3466848
0.8060273
0.95113635
-0.81937563
0.6237273
0.5959511
0.4441929
0.26549613
-0.82050514
0.39689672
-0.31649888
0.12517238
-0.035037756
0.1908238
0.9598516
-0.87075377
0.7909839
-0.3206576
-0.24476552
0.22815835
-0.2880509
0.12201667
-0.86673045
-0.76960945
0.23760188
0.9777998
0.29925406
-0.3858267
-0.9881028
0.7080084
-0.25156474
-0.9728583
0.54971683
0.6558889
0.54499495
-0.905018
0.7584113
-0.9335985
-0.89522326
0.0916878
-0.6303843
-0.010221481
0.79238415
-0.93779135
-0.89139664
0.4944371
0.9945749
-0.44318175
0.63087344
-0.19913876
0.80975986
0.9405546
-0.18777454
-0.3286507
0.717021
-0.23308802
-0.100979686
0.7154747
-0.4172026
0.7201663
0.97568774
0.7934619
0.06086719
-0.31586802
-0.99093974
-0.95364046
-0.8206024
0.41684675
0.86234045
-0.5888703
-0.06824517
-0.28800583
-0.22983015
-0.020002961
0.64587855
-0.29861927
-0.878584
0.9573318
0.35694742
-0.22768927
0.45516562
-0.99407816
-0.68729043
0.39432633
0.44154048
-0.2590723
-0.030662537
-0.29216528
0.5520966
-0.6614392
0.66340935
-0.9598011
-0.95925796
-0.47671032
0.75423324
-0.6182405
0.82758343
-0.5409013
0.008126855
-0.64494395
0.63339734
0.70522726
0.8365766
-0.79344285
-0.8637092
0.8443272
-0.3961903
0.9840653
-0.44442666
-0.3781762
0.39287984
0.25846624
-0.39181244
-0.5486145
-0.42424035
-0.28928006
0.58373916
0.47600746
-0.60868704
0.620268
-0.14498925
-0.40824497
0.020761013
-0.9730587
-0.35216594
0.037383914
0.7950103
-0.8561815
-0.3403802
-0.5451777
-0.9901383
-0.196612
-0.88180125
-0.60894215
-0.892189
-0.56486726
-0.75331104
-0.26922143
0.8592768
-0.30813146
-0.36311173
-0.25812352
-0.30171835
-0.46135724
-0.31954598
0.534577
-0.999228
0.8468323
-0.43259728
0.56273055
-0.79298294
0.5335828
0.1949948
-0.8528775
0.05828154
-0.4295082
-0.94711304
0.22125041
-0.4761492
0.054280996
-0.66520154
-0.033179402
0.32539678
0.5662086
0.40136588
-0.37256122
-0.6842512
0.6074643
0.6681173
0.5040667
0.73876166
-0.37264884
0.05759895
0.41548598
-0.10719681
-0.51648474
-0.46710122
-0.7467903
-0.3447057
-0.20608664
-0.22534943
0.70621395
0.3188777
-0.95505834
0.78482974
0.8409748
0.26654923
-0.7232418
-0.23570895
-0.40769994
0.105104804
-0.7758461
0.83930576
0.9772885
-0.6785761
0.7794312
0.58385694
0.14663637
0.5685668
0.17396891
0.4338994
0.42389655
-0.021197557
-0.7599336
-0.6917827
-0.025120974
-0.004858494
0.18809044
-0.5148326
-0.5518787
0.074623466
0.47098267
-0.8609966
0.11644983
-0.88537264
0.24514067
0.1734041
0.043559313
-0.13675475
0.69115114
0.019282341
-0.5560471
0.07790792
-0.17135012
0.9612106
0.5764693
0.38087642
0.52678823
-0.9496379
0.6191728
0.12005496
-0.96326447
0.6365191
0.45605862
0.9792274
0.69790936
-0.45156085
-0.86547697
0.39990783
-0.5809673
-0.33202648
0.92882407
0.29043114
0.31375682
0.4323101
-0.9979801
-0.87418926
0.4647646
0.17033565
0.16156197
0.9096694
0.4675914
-0.7006148
-0.75244546
0.008829474
0.2146703
-0.40014887
0.40460956
0.41983593
-0.34858418
-0.97423923
0.52644527
0.32890606
-0.91916347
0.9342742
0.21633792
0.032952666
-0.59621966
-0.9828819
0.89694893
-0.5439427
-0.36769605
-0.46048272
-0.518134
-0.9140487
0.5588908
0.3407358
0.071620345
0.5378566
-0.15934622
0.18465567
-0.7265779
0.9038192
0.48282743
0.88491595
0.31210518
-0.75391614
-0.9213997
0.73928475
0.4767275
-0.86899817
-0.23724902
0.42064202
-0.4588412
-0.030432582
-0.97404957
-0.028008819
0.5472349
-0.4676578
0.95755947
-0.018699527
0.21638644
-0.3531176
-0.4388852
-0.4340335
0.7620057
0.47773135
0.22353077
-0.6701859
0.043401003
0.55171
0.70268464
0.9775555
0.89746
-0.14996934
0.896068
0.44855046
-0.29819906
-0.22469497
-0.28558302
0.08580029
0.39019334
0.9537225
0.43874073
-0.03411305
0.41557062
0.8946562
-0.40170097
0.7158034
0.7274996
-0.84787
0.5633948
-0.77567625
0.4202119
0.3715675
-0.6258111
0.06599975
-0.93380153
0.42394447
0.7801801
-0.70144033
0.1621157
-0.40297115
-0.21913898
0.82919526
-0.10718346
0.805182
0.15392518
-0.31204677
-0.5886117
-0.8231175
0.3321097
0.36949277
-0.08487725
-0.22941005
0.6233641
-0.36368656
-0.62245286
-0.9510647
-0.97710514
0.70199096
-0.68552303
-0.9910948
-0.11769831
0.072977304
-0.6117916
0.32830667
0.40433943
0.21941245
-0.0096035
0.7592654
0.5268774
0.022645831
0.7240859
0.39694166
-0.76728046
-0.8804239
0.4932058
0.9014597
0.94067097
-0.0025308132
-0.20066988
-0.31513977
-0.55358696
-0.69009984
-0.032417774
-0.6694037
0.21946692
0.36338425
-0.9655663
0.83485425
-0.16389704
0.19988394
-0.38073337
-0.20284128
0.33007598
0.9637253
0.48963845
0.49898434
0.44735873
0.23978543
-0.03084004
-0.6436912
-0.3473128
-0.613358
0.60997653
0.8843688
-0.508953
0.32347357
-0.52651966
-0.15431261
-0.9261937
-0.82112193
0.278785
0.34739816
-0.66414785
-0.7542962
0.9656068
0.39885342
0.87690854
0.036976457
0.78473675
-0.17034996
0.018514156
-0.7111721
0.8146932
0.90189433
-0.17948115
-0.4520074
-0.7218704
0.73541725
-0.3687806
-0.28878403
-0.30191815
-0.48637092
0.99850345
0.405316
0.825384
-0.030094624
0.9319097
-0.58056545
-0.550992
0.89521646
0.34494197
0.19121194
0.26639867
-0.7112036
0.57210076
-0.57150984
-0.4319687
-0.36712587
0.9760212
0.7962142
-0.26238155
0.8540126
-0.55186903
0.849211
-0.32390964
-0.5122
-0.046025634
-0.6634873
0.9443717
0.94716
-0.1444112
-0.91088915
0.43902433
-0.42971647
-0.48683512
0.033997178
-0.95076203
-0.83873236
-0.6370039
-0.28716338
-0.6921376
-0.6896198
0.30599296
0.9396335
-0.6110921
-0.92691886
0.61965156
-0.019424558
0.7961328
-0.8145832
-0.1936177
0.6093638
-0.8597964
0.39231122
0.6738663
0.46755505
-0.045102835
-0.435017
0.65118
-0.11726141
-0.47337258
-0.109127045
0.80165553
-0.63495743
0.20816827
-0.25304174
-0.59511626
0.7680032
0.19001365
-0.96569955
0.33227146
0.073008895
0.775825
-0.7164904
6.8473816E-4
0.10337901
-0.05244291
0.16915417
-0.49420118
0.51689327
0.53808665
0.033892035
-0.059101224
0.14279127
-0.6873002
0.3643844
-0.9906454
0.25566804
0.3850664
0.031267762
-0.7675712
-0.49468446
-0.12094462
0.5612519
-0.48773134
0.89566815
0.8468753
-0.7863444
-0.01201427
0.031128287
-0.05024147
-0.4444511
-0.74305487
0.58441687
0.11420047
0.344512
0.6413715
0.0027620792
0.64032733
-0.4824965
-0.43906558
0.43094385
-0.5637659
0.036331892
0.8052039
-0.08101809
0.09132886
0.24889171
0.947075
-0.41614056
0.322286
0.6910548
0.94204414
-0.45038283
-0.6021557
-0.8164791
0.54238963
0.3957094
0.9753618
0.38394523
-0.7750361
0.35319495
0.3959303
-0.74360895
0.37275016
-0.38809156
-0.049556613
0.24301219
0.23116815
-0.49475932
0.54197776
-0.80152166
0.22915506
-0.15519333
-0.84283686
-0.28607857
0.44236684
0.7636237
-0.22092783
0.55822885
-0.10721207
-0.27178216
0.016012788
-0.7492558
-0.08183169
-0.8116567
0.50516224
0.80748796
-0.32014418
-0.9050032
-0.1708144
-0.56422365
-0.03615558
-0.6633327
0.54104793
0.258734
-0.4964639
-0.71997654
0.2415992
-0.6929438
-0.86860573
-0.029453278
0.34189963
0.20212448
0.94918346
0.22321475
0.04460168
0.76009333
0.47291481
0.54175127
-0.39577305
0.665004
0.22028291
-0.5680479
0.51431847
0.2907195
-0.392138
-0.23881912
0.8909155
0.5031619
0.23645794
-0.9404247
0.9785459
0.058854103
-0.12913597
0.41232777
0.9301548
0.15227199
-0.3488269
0.36636484
-0.6294445
-0.7216228
-0.4256704
-0.7651223
-0.16021717
0.29958403
-0.89439976
-0.34830785
-0.84487724
0.27618432
-0.74983263
0.18295431
0.68677676
-0.019922256
0.6464404
0.38079298
0.20154822
-0.78610444
-0.37248325
-0.34647346
0.5123223
-0.842067
0.90932846
0.6768731
0.9303943
-0.5714232
0.058461785
-0.61598444
-0.76390505
-0.2766924
0.40577006
-0.390967
0.37510824
-0.37577558
0.12128377
0.6341512
0.6990949
-0.9839438
0.050390363
-0.22124624
-0.32333708
-0.2663455
0.21088338
-0.004352927
0.51257324
-0.5178349
-0.07339549
-0.40754044
0.9687927
0.17082858
0.06858039
0.7142732
0.35129738
0.87531567
0.21264398
0.30493212
-0.3866402
-0.5934633
-0.59141874
-0.23757195
-0.13739872
-0.46486557
0.17620325
0.42812228
-0.69016194
0.3257537
0.065977454
0.06632209
-0.5416273
0.7053218
0.19480026
-0.57783306
0.7298527
-0.33713078
0.42122054
-0.7295989
-0.08466935
0.599
-0.1297301
-0.27981377
-0.9828297
0.96138775
0.24859464
-0.7873429
-0.07034969
0.9752537
0.4796387
-0.9142983
-0.2545148
-0.03241694
-0.40871286
-0.11201525
0.55519617
0.35998356
0.24095976
0.06128013
0.74080086
0.14298165
0.7832358
0.09276104
-0.19967401
0.72582936
0.17150903
-0.16072297
0.55215955
-0.9315572
0.31800735
0.17234004
-0.43356693
0.44006252
0.67707956
0.27031386
-0.7060753
-0.08700907
0.90754485
0.3341694
0.5820955
-0.40401256
0.43493176
-0.07760537
0.08477652
-0.14655244
-0.22130692
0.84275305
-0.9800947
0.46253133
-0.38070846
0.113328695
-0.62697005
-0.64369845
-0.977005
0.07869768
-0.9212458
-0.28165615
-0.9328896
0.661394
0.064843535
0.57114625
-0.35467243
0.9225974
0.9725542
0.38086808
-0.4068638
0.7339418
0.56133306
-0.26459837
0.84952295
-0.7844713
-0.51292527
-0.10251546
-0.66283417
-0.37909436
-0.43743503
-0.54706776
0.05420208
0.15143764
0.54978335
0.73497033
-0.23731697
-0.48005152
0.81085134
-0.015437961
-0.8503785
-0.6272763
0.10327566
0.98515856
0.7249088
-0.50775766
-0.17727458
0.27637553
0.5864171
-0.7311634
0.9810891
0.99882007
-0.11237419
0.6326436
0.0984267
-0.6479114
-0.97029746
-0.48128295
-0.54460704
-0.13356757
-0.30804086
-0.8047081
-0.70031905
0.90866005
0.5170604
0.27143097
-0.34074783
0.683643
0.06663072
0.92542565
0.4510107
0.47970784
-0.67345715
0.5253608
-0.81813157
-0.029131055
-0.8819728
0.1704731
-0.6532327
-0.6308162
-0.90912616
-0.75516677
0.79339945
0.36062348
-0.8502464
-0.521755
-0.9644742
0.70814896
-0.9133738
0.5440779
-0.52333474
0.72279346
-0.46483076
-0.6626828
-0.4945587
0.45038784
-0.9177772
0.871928
0.7262521
0.26723683
-0.79726434
-0.5255395
-0.4913863
-0.10201573
0.64619184
-0.4533105
-0.5787749
0.8447087
-0.20717251
0.696239
-0.16053474
0.4358753
-0.6028209
0.21912026
0.48586977
0.6612631
-0.09400749
-0.35333586
-0.6784153
-0.44520795
-0.68019426
-0.11752319
-0.97642195
0.9279225
-0.7135297
0.05005741
0.25944817
-0.045118093
0.9755311
-0.097898245
0.6422049
0.5865432
-0.72889197
-0.98196054
-0.8241217
0.5477022
0.20526278
0.20304108
0.2849189
-0.81555104
0.38264287
-0.1781689
-0.71694446
-0.4878372
0.7505326
-0.76730466
0.038778067
0.21454203
-0.4423555
-0.83418596
-0.67564905
-0.78961205
-0.88736475
0.60652435
-0.8860389
0.79424727
0.17324162
-0.5544311
-0.8237989
0.73235583
0.92420435
0.44834208
0.46978986
0.4257779
-0.22691548
0.733369
-0.08630049
0.11356759
-0.87472
-0.6472478
0.40938246
-0.23814046
-0.8081757
-0.6936209
0.9205321
0.85788596
-0.6840012
-0.3742087
-0.12702274
-0.20481563
0.6387136
-0.58243144
-0.9366634
0.29807627
0.8006151
8.624792E-4
-0.86932695
0.6965109
-0.7752304
0.70661974
0.9525213
0.53947103
-0.9573575
0.38055766
-0.8914678
-0.3545357
0.4042585
-0.84212804
0.87602735
0.25757217
0.51847994
0.32098162
0.6776998
0.42973328
0.8500973
0.8346127
0.11947751
-0.54170644
0.28696704
0.95370805
-0.105609894
0.33249962
0.39409244
0.75378966
0.075601935
-0.5400609
-0.015109181
0.83151174
0.39929914
-0.115422726
-0.16323793
0.21248317
-0.20221162
0.81889975
-0.5864577
-0.21246123
-0.03179598
0.42687964
-0.3321787
0.6372471
0.46705616
0.69644713
0.39900434
-0.6864103
0.55121017
-0.8895279
0.037233353
0.5996876
0.618706
0.25188792
-0.81107664
-0.8082919
0.04631591
0.9556097
0.6780604
-0.9735819
0.9143512
0.04773581
-0.70889795
0.15428257
-0.4763384
0.89779854
0.9061744
-0.1712066
-0.25301027
-0.8345494
0.36432493
-0.7986157
-0.34996283
-0.63193715
0.308218
-0.8124095
-0.96877265
-0.24432063
0.539407
-0.12992
0.6589242
0.88623583
0.27803195
0.55007124
-0.8422816
-0.91516924
-0.62146544
0.22897375
-0.63044906
0.39023829
-0.82690513
0.031626225
-0.71965814
-0.20979977
0.5735463
0.662248
0.47914207
0.5809454
-0.4636507
0.36146402
-0.14341748
0.01875639
-0.56112266
-0.38900983
-0.36425006
-0.56861424
0.5651144
0.77157927
0.6760447
0.40008974
0.27247214
0.3556043
0.6447537
0.19065404
0.8076166
-0.6995064
-0.5110284
0.39191377
0.7380456
-0.34837246
0.57032
0.7070632
0.9289949
0.86803293
-0.21389472
0.43690085
0.5646528
-0.42771995
0.46381736
0.7016995
0.31246805
-0.82533085
-0.7168324
0.582525
0.06460488
-0.73539937
-0.015615344
0.7426858
0.24767661
0.988719
-0.7722992
0.74097466
0.23834646
-0.50797117
-0.72744787
-0.89790046
0.5070424
-0.2930411
0.7729573
0.60408914
0.564989
-0.18518603
-0.9039792
0.4216311
-0.77768326
-0.7910179
0.35298085
0.37866282
0.96977115
0.050646663
0.5074066
-0.8302909
0.1473149
0.9728869
-0.7550235
0.9703518
0.9147974
0.2614224
0.03695917
-0.75803757
0.6291635
-0.82034826
-0.6804817
0.019809246
-0.92301774
0.928064
-0.2110306
0.7385253
-0.09078324
0.1058203
-0.64390314
0.2825644
-0.34279346
-0.7961544
-0.28121805
-0.054166317
0.7361231
-0.51111734
0.24096203
-0.75544715
0.007270694
0.17767358
-0.161968
0.8572062
-0.30264664
0.7470051
0.866171
-0.42190433
0.9663075
-0.06769979
-0.87107
0.18563533
-0.8381686
-0.05547142
-0.38679874
-0.931486
0.065894246
-0.15154374
-0.4558817
0.7538626
0.27513206
0.21691751
0.93144536
-0.020540953
0.5931841
-0.9155905
-0.37316823
0.3909483
0.060043335
-0.99638903
0.7113551
-0.52457297
0.3939538
0.45146668
-0.99320865
-0.9788127
0.34911585
-0.11550999
-0.096045256
0.68281674
-0.7474588
0.009456158
0.31046784
-0.49963534
0.012151599
-0.92455673
-0.8470994
0.2462827
0.70322824
0.62224233
0.8700528
-0.06401646
0.74041104
0.7107761
0.08221078
0.8250239
-0.7923014
0.44183803
-0.9763192
0.7222394
0.5106479
0.9249768
-0.6777501
-0.12595999
0.7757801
0.8306979
0.7701434
0.3271556
-0.22409487
0.44361687
-0.6415026
-0.7317234
0.31176078
0.585291
0.074546576
-0.01156497
-0.58366036
0.90292835
-0.14790869
-0.14702594
0.23614264
0.49006653
0.21706069
0.9062238
0.53216493
-0.56013036
0.20808399
0.84142256
0.26277697
0.20944107
0.23511636
0.2651229
0.27213347
-0.77074873
0.85680413
0.1317178
-0.39609516
0.31645334
-0.26989472
0.47442627
-0.9351915
0.591764
0.96567154
0.07700193
0.33070123
-0.1397525
-0.907156
-0.61529887
0.85619843
0.056515336
0.11326277
0.019065142
0.13450193
0.29055965
0.54776657
-0.07952988
-0.7438365
-0.6660551
0.8343817
-0.016924143
0.31396878
-0.21409905
0.32400978
-0.4371059
0.85732234
0.53975606
-0.11566055
-0.6684073
0.45602858
0.07314408
-0.2677368
-0.5770055
0.4140241
0.2077682
0.5726024
-0.11109054
0.98349774
0.679737
0.9594548
-0.7349044
-0.9447278
0.6393554
0.580421
-0.92783237
0.5098835
-0.7742189
-0.010951281
0.7718084
0.2543186
0.9594085
-0.69599724
0.9035684
0.77193046
0.8417301
0.2129358
0.5860162
0.88897276
-0.11648214
-0.04575026
-0.5715997
-0.19693983
-0.91152084
0.02159524
-0.77803504
0.4005009
-0.35165644
0.3960291
0.026494145
-0.034072995
0.86012816
-0.057583332
-0.19329965
-0.2046858
-0.18309629
-0.9755969
-0.6198938
-0.52010393
0.6657232
-0.25823152
-0.20526445
0.03247869
0.742777
-0.14780474
0.44911826
0.15932214
-0.58520865
-0.6853951
-0.7070271
0.20140278
-0.6380179
0.4227227
0.70483947
0.22109127
-0.62749887
-0.8438939
-0.56045485
-0.18211055
0.67856205
-0.8365209
0.08657992
-0.77504003
0.3037982
0.74304914
-0.60062027
0.5530664
0.819666
-0.6389942
-0.32944036
0.47781122
-0.0081214905
0.24831116
0.9709333
0.75853765
-0.14181113
-0.93586206
0.8786081
0.56301713
-0.7051203
0.67010784
-0.45731688
-0.7375735
0.73579216
-0.08772671
0.20449519
0.04868424
-0.3043157
-0.3217249
-0.80539954
-0.91519344
0.5663974
-0.86274457
-0.10136807
-0.11637199
-0.0967536
-0.7368965
0.108976245
0.95735157
0.360008
-0.19807601
0.8272649
0.50750744
-0.5201316
0.6179402
0.1366049
0.83085465
0.7789794
0.7153326
-0.18982005
-0.7183758
-0.30263186
-0.40502715
-0.6415225
0.91560185
0.9236287
-0.59590983
0.1413225
0.48947263
0.8660954
0.54431665
0.7897713
0.22341192
0.3413309
-0.97876465
0.7096329
0.8612007
-0.76572883
-0.6202729
-0.007931232
0.06647885
-0.53697383
-0.8614954
0.16278255
0.34372604
-0.77886426
0.30996406
-0.7086265
0.51698697
0.49331784
0.9948102
-0.10560858
0.6683216
0.22591448
0.833035
0.54363835
-0.5572072
-0.58488715
-0.03680563
-0.71430516
-0.8399271
-0.45438302
0.3112527
-0.053845882
0.40829718
0.21701932
-0.24951732
0.5955206
0.18867707
0.03820765
0.7282388
-0.73770654
-0.5340401
0.71148276
0.15831053
-0.83217406
-0.32235968
-0.91630125
0.07471466
0.008744001
-0.33726418
-0.61609304
-0.8888514
-0.7860645
-0.83099544
0.124232054
-0.7818811
0.6485019
-0.05295837
0.597772
0.096410036
0.32701313
-0.9166894
-0.39476764
0.081798315
-0.3604567
0.08568752
-0.82197285
0.16367209
-0.90081155
0.019587994
0.4932301
0.49271727
-0.6917726
-0.8134606
0.90480196
-0.8055016
-0.26284814
0.20773709
0.7119683
-0.8476608
0.9481268
0.4715042
0.77174544
0.28130317
-0.5900781
0.5557443
0.81692183
0.8435328
0.28912187
-0.9442439
-0.001933217
-0.25685108
0.2128787
0.12675679
0.01937449
-0.7929411
0.53823674
0.6629559
-0.26938152
-0.44167447
0.09504843
0.3361131
-0.7252852
0.20440185
-0.43716645
-0.5574626
0.1321286
0.80800855
-0.12798548
-0.32399023
0.565627
-0.27059555
0.46842432
0.3539667
0.12395239
0.10224986
0.5347214
0.35556018
0.73936725
-0.2606243
0.81749785
-0.055793047
-0.56351817
-0.10099447
0.46482778
-0.113420725
0.2993362
0.7470412
-0.9575963
0.7684499
0.8176142
0.1288619
-0.119843125
0.35050774
0.40466714
0.54790664
-0.77553
-0.8094963
0.25945044
0.60256755
-0.14081824
-0.15053451
0.9975711
-0.34668767
-0.65682006
-0.15194654
0.9256549
-0.6945591
-0.36862743
0.4745041
-0.5433078
-0.9423424
-0.6566359
0.67933977
0.09667885
0.872167
0.47062886
-0.9832957
0.46574354
-0.31102467
-0.07498562
0.08163047
-0.10268998
0.28745866
-0.5080979
0.60184467
-0.109790444
-0.82475483
0.82946
0.5081854
-0.1692183
-0.8274971
-0.07348704
-0.55305624
0.3709153
0.40453017
0.5772892
0.60924447
0.21593738
-0.10592723
0.039551258
-0.9829422
0.0717808
-0.23476923
0.10754132
0.88389814
0.5087116
0.17263329
0.7531431
0.003292203
0.56009126
0.92345047
0.5743334
-0.26647592
-0.81354296
-0.13227367
0.25225508
0.7480668
-0.8488668
0.5276699
0.6762258
-0.20619369
0.3834101
0.18337059
0.3751011
-0.98875237
-0.78494084
-0.67336905
-0.6747259
0.4711783
0.7878537
-0.33683324
0.42810178
0.3008417
0.92235994
-0.15546489
-0.7931479
-0.27914035
0.4463036
-0.96574855
-0.7842542
0.3845247
0.695341
-0.021637559
-0.16202593
0.27748632
-0.9326941
0.21119535
-0.46141756
0.053352833
0.23651195
0.6653223
-0.8990159
0.78566
-0.82279456
-0.41460478
-0.8120245
0.72658765
-0.57918346
-0.88585174
-0.0888809
0.5765722
-0.94749737
0.102461934
0.55413175
0.066637754
-0.43285573
-0.9978452
-0.32940304
0.19818461
-0.26181102
0.5695616
-0.63568795
-0.5842948
0.6455821
-0.489326
0.46851695
0.23027909
-0.3412876
0.13661504
-0.2189784
-0.42920387
-0.1696217
0.10469663
-0.39499533
0.4020139
-0.6620083
0.95972204
0.115368605
0.18133807
-0.5253922
-0.44175756
0.94967055
-0.42154527
-0.43283594
0.68212104
0.74866843
0.883723
0.06104374
-0.11481178
-0.11140525
0.7938769
0.993515
0.5574554
-0.49423623
-0.8203286
-0.025245428
0.5559876
0.17068923
0.18345952
-0.44869435
0.7920656
-0.3135805
-0.97960556
-0.9535378
-0.336084
-0.16656935
0.40132666
0.41498065
-0.0025177002
0.23654425
-0.9238939
0.731714
0.55017936
-0.4304024
-0.08828807
-0.7725005
0.5212481
0.12887812
0.750517
0.51943386
0.80542994
0.39078438
-0.59864235
-0.75869286
-0.13635194
-0.07682061
-0.85747993
-0.29556537
-0.46406913
0.250108
-0.5149183
0.70671976
0.3898828
0.6888324
-0.63764596
0.0119924545
0.31581998
-0.59433734
-0.1372217
0.3522687
-0.8883295
-0.0018111467
-0.122887254
-0.27140605
-0.6573776
-0.26208365
-0.86505556
0.12381351
0.43921936
0.53684783
-0.109458566
-0.028512359
0.9713652
-0.021610975
0.5951512
-0.5160024
-0.506039
-0.9725332
-0.84535503
0.52068317
0.023353696
0.86358523
0.49171042
0.52088654
-0.1756059
-0.37341094
0.06570494
0.2405603
0.04886663
-0.4026965
-0.5128876
-0.12560403
-0.81816554
0.729365
-0.58511305
-0.46573687
-0.9312638
-0.31392348
-0.6573616
0.061379313
0.38982606
-0.7950703
0.7436919
-0.49742877
-0.77202237
0.2066437
-0.7831162
-0.83498514
-0.71958137
-0.51440275
-0.10291302
0.51995623
0.26533937
-0.1290046
-0.60925126
0.05139208
0.17246854
0.64591646
0.072229385
-0.20595384
0.7358446
-0.12633228
0.71779025
0.28596783
-0.5684228
0.63302755
0.42827213
-0.8592638
-0.4808972
-0.5623902
-0.35235202
-0.25517464
-0.7217696
-0.8523526
0.15282214
0.685701
-0.69563186
-0.7809154
-0.71840596
0.5504371
-0.7998431
-0.6745961
-0.22680366
-0.50592196
-0.5359734
0.2887056
0.5930762
-0.59110534
-0.9231217
-0.66887236
-0.54429793
0.23360753
0.010400057
0.27485132
0.6824591
-0.31466115
0.43887305
0.25410235
0.053744316
-0.10746908
-0.8235483
-0.5626581
0.73399127
-0.37341487
0.16073322
0.28016567
0.74564147
0.30206382
0.5691873
-0.06659877
-0.7956425
0.024707079
0.32714474
-0.9830593
-0.7543919
0.75427675
-0.18475485
-0.6554316
-0.30399895
-0.6873939
-0.9875269
0.061371803
0.7764441
0.35973108
-0.84862554
0.65236557
-0.045268655
0.5923599
-0.72080636
0.42412722
0.26004446
-0.04476452
-0.49179995
-0.71783376
0.4799577
-0.58059037
-0.17264533
0.26332188
0.51192415
0.35059965
-0.7061198
-0.42114937
0.3472216
-0.6995894
0.41671705
-0.46959484
-0.38147032
-0.5057174
-0.6950363
0.1344769
0.016524196
-0.19016492
0.43516684
-0.40605187
-0.86881185
-0.25865376
-0.025044084
-0.24266708
0.13627696
-0.009813666
-0.19855094
-0.3175441
-0.7718787
-0.17686236
0.51680756
-0.4466201
-0.34847128
-0.7270582
-0.23277259
0.075220585
-0.42396915
0.34664607
-0.5762565
-0.41476512
-0.11354506
-0.45788395
-0.87707806
0.37062335
-0.7346593
0.6924888
0.26354957
0.88048244
-0.305084
-0.8404068
0.81373715
-0.12581944
-0.10174286
-0.9659991
-0.2653582
-0.8197552
0.25922823
0.78115046
-0.9632602
0.17402327
0.6763885
-0.13408375
0.54794276
-0.24941659
0.6661109
-0.38564622
-0.48319805
-0.6906103
-0.835256
0.9096464
-0.14320517
0.82344043
-0.9998921
-0.5957223
-0.15132165
0.588097
0.30150592
-0.44682586
0.677842
0.79047465
0.36860526
-0.11973691
0.54443717
-0.9281441
-0.8219458
0.08710098
-0.9709846
-0.85771704
-0.99110293
-0.343305
0.73992133
-0.9763247
0.1312933
0.9143965
-0.64353824
-0.6728585
0.4265808
0.6530467
-0.6091349
0.1995002
-0.22958612
-0.36008072
-0.76954484
-0.80245996
-0.62411344
-0.016798854
-0.77125204
-0.23338664
0.70280004
-0.51321113
-0.73896277
-0.48057544
0.41638088
0.9613297
0.74841976
-0.15577531
-0.07113302
0.8402113
-0.28266585
-0.86179733
-0.23319483
0.3813702
-0.93601763
0.18705904
-0.8568027
0.8853663
-0.56979966
0.8272073
0.22564328
0.5494127
-0.40363002
-0.62935233
-0.49058115
0.28449142
-0.78395677
0.5884576
-0.96066177
-0.31692922
-0.7544812
-0.012582183
0.8688456
0.6293032
-0.7196139
-0.7678107
-0.2270937
-0.760826
-0.048025727
-0.17443609
0.79798234
0.008419156
-0.15707004
0.43077803
-0.52597463
-0.5091077
-0.6327659
-0.22192335
0.44757128
0.44545543
0.5715772
0.124308944
-0.2794981
-0.75233984
0.7290796
0.31719673
-0.32406318
0.19199276
-0.67891717
0.14919484
0.50235045
-0.0039596558
0.97760105
-0.23005152
-0.36803722
-0.09938252
0.14270449
0.26787972
-0.68645406
0.93692815
0.6495762
-0.65669787
0.64811516
0.55676115
0.56442344
-0.6031891
0.31483734
-0.59573436
-0.84668696
-0.12709844
-0.92849946
0.71407795
0.7370112
0.7614981
-0.022158384
0.9727001
0.65302205
-0.3928125
0.49102962
-0.94338655
0.19942248
0.9516213
0.23196185
-0.80361414
0.981236
0.98913383
0.7113321
-0.39796472
-0.2623037
-0.59420896
-0.19049573
0.36839473
0.74974847
-0.63929164
-0.22085106
0.9637114
0.094748974
0.7247015
-0.77930534
-0.05003345
0.14399576
-0.20944285
0.38550472
0.005436301
0.13414955
-0.6069386
0.58912444
0.3910966
0.762759
-0.18669498
0.0470407
-0.04887557
0.46916735
0.9848262
0.43948567
0.9487206
-0.6954826
-0.23074782
0.6124697
-0.4472003
0.539088
-0.26710463
-0.5467223
0.8060272
0.9037361
0.64614165
0.8451891
-0.726267
-0.35200632
-0.53641856
0.19450414
-0.6938101
0.48482633
-0.14994252
0.10066831
0.6095884
-0.42308986
-0.6722051
-0.14380276
-0.5639216
0.62846565
0.17041075
-0.5526962
-0.35104036
0.038424015
-0.49496746
0.18994546
0.83027303
0.1344248
0.3543545
0.97201455
-0.23430908
0.46357703
-0.88710356
0.95441854
0.51297355
0.71699333
-0.8311353
0.46692836
0.93889225
0.39404786
0.9240098
0.45521855
-0.6448418
0.08355641
0.60411155
-0.78891504
0.6125767
0.09833515
-0.8261602
-0.9527881
-0.20338547
0.023824573
-0.040362597
-0.85883474
-0.7646388
0.9388577
-0.2629249
0.83182466
-0.23277223
0.07667017
0.95524895
0.34782922
0.66168666
-0.51240814
0.25684798
-0.7943882
0.9391824
0.8434819
0.7214191
0.5393255
-0.5504662
0.4210689
-0.5697684
-0.5972583
0.45149326
0.08139765
0.5493885
0.88161373
-0.2443794
0.8212575
-0.41491783
-0.2771411
0.0705502
-0.66326964
-0.38095498
-0.54568124
0.007586837
0.66706157
0.9274391
0.7471262
-0.6148727
-0.9316441
0.57304835
0.4544115
-0.17631376
-0.97813535
-0.6046667
0.5190643
0.08157134
-0.03721583
-0.23143697
0.2345953
0.7540209
0.70575655
0.9239979
-0.5968554
0.60465014
-0.54291344
-0.68665266
0.28094804
0.3333702
0.08677983
-0.89088655
-0.8670882
0.58180773
-0.6371914
0.58084035
0.3144517
-0.3358202
-0.9662609
0.7488626
0.4217472
0.27333832
0.9234469
-0.20071995
-0.1563797
0.28929508
-0.95618343
0.5522083
0.43320632
0.0082576275
-0.35997355
-0.47722745
-0.299487
0.46753538
-0.90855825
0.41995
-0.6058034
0.075413704
-0.236238
-0.68237317
0.35999668
0.13122368
0.8405663
0.13675511
0.68308604
0.86164796
-0.5182543
0.83515894
-0.8277949
-0.21669817
-0.4793011
-0.9434986
0.8361645
0.16357887
0.51105344
0.5925584
0.0307132
-0.61732614
-0.012244344
0.4199065
-0.9102942
-0.45314813
0.06861627
0.24630368
0.4540285
0.86994195
-0.7260127
-0.6874355
0.31120682
0.38645804
0.99865496
0.91800034
0.575578
0.40170658
-0.7230537
-0.04685521
0.47220874
0.7939954
-0.7835674
-0.7795911
0.11744559
-0.40987265
0.14566147
-0.004344821
0.17643309
-0.9774908
0.5665281
0.031819224
-0.9343041
-0.9145514
0.39288688
0.8363069
-0.81920516
-0.86318564
-0.30420852
0.77981853
-0.5298041
0.6927147
-0.20449877
-0.46533787
-0.6668209
0.74696755
-0.3944087
0.02089107
-0.4405738
-0.12008643
-0.25916874
-0.10961485
0.89970183
0.4248253
0.17491972
-0.5598217
-0.80915034
-0.98669803
0.8348789
-0.538942
-0.13450229
0.05838418
-0.8646263
-0.9538822
-0.45001435
0.94668365
-0.69086504
-0.13683617
-0.53309083
0.84587264
-0.26901758
0.29757285
-0.033586502
0.69492555
0.045862913
-0.43252182
-0.050720572
0.89132154
-0.3896935
-0.82354903
0.73251
-0.16198695
0.88744295
-0.41824448
0.3433777
-0.5643867
-0.6248144
0.8067033
0.8908006
0.030461907
0.30356717
0.9077301
0.91481555
-0.35823107
0.64996505
-0.879012
0.09838557
0.53191805
0.46077967
0.46609986
0.8646394
0.5505034
0.53698564
-0.7108331
-0.11802292
0.028295517
0.272061
-0.69770384
0.8456155
-0.6681597
-0.11142695
-0.8517983
-0.13533592
-0.8211862
0.09985602
-0.6825143
-0.09245336
-0.71915245
0.95271695
0.7109014
0.8755983
-0.6971837
-0.55584943
0.513392
-0.40370715
-0.85968363
-0.36091745
-0.018634439
-0.75362706
0.41126275
-0.83209634
-0.20383883
0.10499573
-0.71952486
0.9039515
0.76785827
-0.947054
0.39130843
0.5953449
0.7536429
0.6123295
0.025594473
0.5671408
-0.040761232
-0.42046678
0.56839466
-0.8356488
-0.49790764
0.24143732
0.98960376
-0.7490978
-0.18103576
-0.13901913
-0.901207
0.22231925
0.6924417
-0.5654663
-0.33239222
0.07025814
-0.74892807
0.80269885
0.6865623
-0.9743475
0.07293463
-0.03801596
0.7274549
-0.7938173
0.70543706
0.08232081
0.9723878
0.03618753
-0.3759519
-0.7289978
0.45527673
-0.44251144
0.41499674
-0.19517183
0.60779595
0.20358217
0.21327782
-0.57206964
-0.36881793
0.29423654
0.9955151
-0.2870406
-0.49325454
-0.91910195
0.96149504
0.5194001
0.7460556
-0.67506564
-0.9111377
-0.35269892
0.05761683
-0.65869224
0.06922853
-0.94850457
-0.08232403
-0.5582533
0.69366467
-0.094465256
-0.8178655
0.5470617
0.7203635
-0.3776294
0.12413561
0.22238994
-0.8974211
-0.8321054
-0.9562255
0.8675543
-0.13760805
0.94260275
0.44480693
0.6443404
0.95332813
0.73596466
0.9367229
-0.1484704
-0.84351337
-0.8611134
-0.116131306
-0.19356501
0.8010353
0.9745287
0.42746878
0.32917154
0.19731522
0.20050764
0.048669457
-0.8451004
-0.16772652
-0.9487437
0.17462921
-0.9469719
0.22164786
-0.5856421
0.46497226
-0.82470965
-0.13335252
0.3365947
0.018620133
-0.21758342
-0.04354441
0.6830864
-0.36661077
0.63879
-0.37039018
-0.84369314
-0.088697195
-0.8258319
0.0013349056
0.7323054
0.06608021
-0.8192506
0.4306054
-0.018319726
0.046750307
-0.93673456
0.19673574
0.3865993
0.4900571
0.24132323
0.84353006
-0.4024949
0.15779531
0.5001365
-0.2013886
-0.66958463
-0.8368006
-0.787503
0.76187766
0.30550098
0.35903513
-0.7429348
0.9617474
0.06873858
0.82135093
-0.9872397
0.2888434
-0.19905257
-0.8545139
-0.5756129
0.028169274
-0.8362144
0.15963781
0.2501284
0.32303774
-0.99714625
0.19709408
-0.8121604
0.42366815
-0.75222325
0.9484081
-0.36382568
-0.58663917
0.82308054
0.4928254
0.911639
-0.41537523
-0.20182252
-0.10603702
0.37818122
-0.5180261
0.6274024
-0.09592378
0.24756026
0.26895225
0.21062446
0.1765126
-0.09651971
-0.6478045
0.9715835
0.9156548
0.14849865
-0.15088046
-0.6839161
-0.7674432
-0.5405073
-0.33145463
-0.911891
0.413607
-0.6143038
-0.25814247
-0.83738697
0.79615676
0.8849467
-0.24095976
-0.44569838
-0.41732943
-0.54798424
0.99828994
-0.38157105
0.47332633
0.16219378
0.26524782
0.5901233
0.87215865
0.5793545
-0.74012685
0.15181279
-0.80395734
-0.7624984
0.9534856
0.51404476
0.71759117
-0.9935142
0.77966785
0.004708171
-0.21286476
-0.96434546
-0.97905076
-0.9720572
-0.7535951
-0.39567566
-0.9848918
-0.099300385
0.5645838
-0.40285528
-0.57655954
0.20706141
-0.4504093
0.49881363
0.4175732
-0.58561516
0.42351663
-0.1693083
-0.7232398
0.33865488
-0.7328763
-0.5726644
0.47570503
0.17798352
0.15647006
-0.49922132
-0.77828264
0.0830034
0.21356165
-0.77725303
0.81356347
0.21235323
0.90723157
-0.24064887
-0.2068994
0.82307637
-0.43878877
0.03984809
-0.7986604
0.84341025
0.60085964
-0.21722877
0.2958454
-0.47580838
0.70176923
0.72229683
0.70550084
0.9012822
0.9522339
-0.11042106
-0.5329758
0.94259894
-0.67663264
-0.9463209
-0.1131289
-0.80165124
-0.7722415
-0.108437896
-0.7098267
0.6019956
0.46846056
0.54465306
0.9492997
-0.35634983
0.31960547
-0.6299088
-0.27113426
0.5995563
-0.62098217
-0.121213555
-0.9517964
-0.22502184
-0.11084914
0.07162595
0.8593253
-0.9918587
0.7889887
0.17291045
-0.41258216
0.9762858
0.34602284
-0.31924176
-0.09272885
0.4089241
-0.009967089
0.80351555
-0.7355782
-0.8031149
0.2514441
0.856104
0.032071233
-0.08124387
0.47501826
0.70891726
0.86815333
0.6002264
0.36932003
-0.39618707
-0.6483264
-0.030834198
-0.7451923
0.79762626
-0.6097356
-0.7561151
0.03578806
0.81541765
0.66467524
0.04896772
0.047369838
0.37655652
-0.120191336
-0.37129533
-0.22229314
0.11119652
0.60127974
0.64003515
0.45426464
0.35840952
-0.34700394
-0.24612069
0.18283474
0.0071759224
-0.47721636
-0.34413457
-0.031928778
0.4157771
0.96378696
0.17607975
0.90920794
0.86335576
0.3896253
0.83515084
-0.804659
0.22020757
-0.9522582
-0.50543797
-0.5815029
-0.9273113
0.030915737
0.74763954
-0.96682715
0.4376818
0.57068014
0.67052186
0.52788424
0.51480186
-0.22623336
0.33715355
-0.2964747
-0.75234926
0.9453455
-0.3622136
-0.80272746
0.42540002
0.22861934
0.25670898
-0.47210574
0.81098926
-0.27658665
-0.22673535
0.10339844
-0.47825575
-0.8228333
0.6432575
0.1160028
-0.66707873
-0.67318404
0.9694054
0.4996922
0.47655153
-0.027645111
-0.565348
0.24566102
0.15017927
-0.24849248
0.2872374
-0.37951195
0.6471137
0.6353407
0.84901214
-0.8730248
-0.38264132
0.558421
0.46739948
0.4604584
0.3433913
0.9221679
-0.7732507
0.97259593
0.47563612
-0.5394777
0.9378902
0.14490819
0.85828364
0.03332305
-0.92191815
0.83671415
0.85771906
0.121495366
-0.61889863
-0.69616723
0.98523784
-0.6477848
-0.11604416
0.5390271
-0.883899
0.4007429
0.40902257
0.87240684
0.8128054
0.6240182
-0.034139156
-0.8440858
-0.7426015
0.21102107
-0.5556667
0.56283927
-0.78728616
0.324206
-0.42988968
-0.96042466
0.9237462
-0.6008291
0.51643133
0.88729393
0.6274688
-0.38350308
-0.7952676
-0.38309526
-0.41706336
0.6170466
0.3552668
0.05884099
-0.48453903
0.26282024
-0.7778022
-0.67661774
0.87218475
0.018885732
-0.09781301
0.35716915
-0.8740009
0.12330246
0.6587862
0.94328606
-0.11388993
-0.19699633
0.15581942
-0.38194227
-0.84635127
-0.52783287
-0.5785252
-0.6439569
-0.39227426
-0.8901653
0.13235271
0.39036787
0.2607057
-0.7441726
0.05580616
-0.77045083
0.6519289
-0.4050126
0.64339983
0.001582861
0.4585898
0.63234603
-0.46672642
-0.4451933
-0.97580874
-0.8848833
0.58095896
-0.7173097
0.9033928
-0.34317577
-0.23565817
0.08224535
-0.30715
-0.6039401
0.44781387
0.025464535
0.7877742
-0.18482709
-0.12670684
-0.30139685
-0.5683967
-0.70317733
0.9830444
-0.6200247
0.7008449
0.2591126
-0.3363253
0.5742645
0.6095176
0.33964157
0.9061446
-0.65258765
-0.9203645
-0.9418663
0.15819395
0.5144644
0.38905644
-0.45450747
-0.9604225
-0.71691895
-0.8097992
0.5595453
-0.3855071
-0.63621294
-0.86165476
0.2960509
0.36841798
0.896693
0.45335948
0.035627842
-0.0016942024
-0.45810187
-0.22791278
0.9372543
0.95707023
0.6218355
-0.13047266
-0.80270493
-0.46191418
-0.17052889
0.20625126
-0.85374296
-0.9331323
-0.5762235
0.79905117
0.86656487
-0.3097372
-0.6232214
0.14485347
-0.29729474
-0.6953031
-0.87548053
-0.58109415
0.12552536
-0.38812745
-0.4265622
-0.98714054
0.23690617
-0.81838906
-0.85370386
-0.19643056
0.5973753
0.06737757
0.8963165
0.0074350834
-0.2284007
-0.92827046
0.20944381
0.7673439
0.16550827
-0.4109249
0.1436162
-0.039521337
0.4306854
-0.76445246
-0.032115698
-0.64265656
0.39949977
0.6655675
0.5666708
-0.0114302635
-0.4425974
-0.6918955
-0.1748153
-0.7991756
0.23224962
0.7503501
-0.67298865
-0.24782753
-0.33391464
0.4512955
0.24644673
0.78748333
-0.9795824
-0.037355304
-0.5652367
0.5541357
-0.85422075
0.23092997
-0.23396254
-0.7931943
-0.9793128
0.49519122
0.8654586
-0.52176666
-0.5593747
-0.7970245
0.5884378
0.86249685
0.52727807
-0.05121696
-0.094138026
0.3016944
0.55107105
0.17974997
-0.8107461
0.25048363
0.4415208
0.080913305
0.9454243
-0.9886285
0.13160217
0.1956557
-0.35430062
-0.9860747
0.88219714
-0.21402562
0.90849173
0.41140413
0.2048322
-0.69662607
0.5606233
0.1781286
0.59574044
0.5170338
-0.6865822
-0.4690678
-0.4315729
-0.49472928
-0.60857475
0.7202107
0.3882811
-0.18571329
0.54823697
-0.67638016
-0.65951765
-0.6389121
0.7549614
-0.5571885
0.57691205
0.12286115
-0.6314237
0.49645483
-0.22938931
-0.88817286
-0.14818513
0.49810696
-0.4545592
-0.3372637
-0.14800107
0.21348834
0.43814015
-0.4789431
0.5380682
-0.1521715
-0.109715104
-0.24389637
0.083984256
-0.10911548
-0.7345393
-0.9412936
-0.23002279
0.44694805
0.35505795
0.722587
-0.2957306
0.33285463
0.39370084
0.53873265
0.15671945
0.0031394958
-0.2222166
0.22031128
-0.8917084
-0.9462507
0.89955425
-0.12911975
0.17864811
0.7910836
-0.38743317
-0.25911212
-0.4230168
-0.2102108
-0.42378187
0.19807863
-0.73674846
0.19013107
0.23794353
0.8589643
0.8991921
-0.07538378
-0.44195414
0.36484897
0.35828483
-0.6342019
-0.77298677
0.7920641
-0.84548783
-0.16394997
0.43765533
-0.6015749
-0.09869635
-0.16998267
-0.9701396
0.844018
0.24032378
-0.9828619
0.70587695
0.48311567
0.1570971
-0.5079782
-0.8933462
-0.6146295
0.45536387
-0.7672076
-0.1609335
0.76976645
-0.2207191
-0.74880815
-0.54979515
-0.83328116
-0.0068444014
0.9440038
-0.83505523
-0.7139901
-0.8504189
0.18515003
0.6496577
0.9660232
0.5521469
-0.23516262
-0.24272859
0.19931328
-0.44190168
-0.049159646
0.17237532
-0.16149604
0.43542194
0.8131033
0.041297793
0.73367167
-0.3898846
-0.85671985
-0.6210271
0.5678195
-0.50863576
0.47381306
-0.46391463
0.15211189
0.37977004
0.046130776
0.9368453
-0.69020426
0.03766668
-0.68477714
0.21641695
0.3910097
0.7781842
-0.5398197
-0.23957896
0.8750601
0.51459944
0.68047976
-0.65383196
0.16854393
0.36340618
0.110289335
0.38177025
-0.38549578
0.029461026
0.8235792
-0.6833533
0.6884451
0.3917873
-0.49169767
-0.25691867
0.45158553
0.18265605
0.36655307
-0.9824481
0.42151833
-0.70482135
-0.91112196
0.8029145
-0.7519498
-0.39314413
-0.6744919
-0.42516243
0.87125456
-0.034396768
-0.06284881
-0.9389725
0.3947394
0.50421464
0.9863354
0.90891516
0.71616757
-0.76118016
0.4915836
-0.86803615
0.28672194
-0.86736715
-0.49338114
0.49826372
0.270324
0.79046404
0.2323227
-0.16452014
0.17207015
-0.32943237
0.27847075
-0.022340655
-0.18513739
-0.7067845
-0.44516718
-0.07771778
0.75617623
-0.8190849
0.80772614
0.75687695
0.027125955
0.13070703
-0.21947658
0.51643395
-0.10141444
0.49799645
-0.85186696
0.7148553
0.470356
-0.7763443
0.57054496
0.6311796
-0.24310184
-0.22229886
0.77487373
0.20596027
0.90573335
-0.40403557
0.88588417
0.7028314
0.81237125
0.17935324
-0.8100376
-0.8908802
0.049868703
-0.80669594
0.07633448
-0.012251496
-0.6455684
0.6888839
0.52276075
-0.5427563
-0.67531836
0.16395485
-0.31711996
0.8803302
0.20638561
-0.55359197
-0.07793951
0.30348587
-0.8670685
-0.67854905
0.10247612
0.7353369
-0.25780773
0.10731804
-0.36811566
0.9125434
0.24149239
0.8308368
-0.6088308
-0.38425684
-0.42575598
-0.25547385
-0.69864225
-0.89067197
0.96579325
-0.70489013
0.17094612
0.5377157
0.6846762
-0.40950286
0.29971027
-0.32601047
0.02267015
0.36569
0.8576633
-0.7527982
-0.7721946
-0.47876382
-0.40933418
-0.95859396
-0.84479034
0.7605221
-0.75815
-0.66199493
0.74887645
-0.3995961
-0.93381524
-0.75509834
0.9319856
0.14568341
-0.16885781
-0.39088893
-0.855628
-0.76974666
-0.8522736
0.038089156
-0.51557565
-0.27886903
-0.69744885
-0.040576458
0.33172083
0.4970957
0.9338988
-0.56462264
-0.63014245
0.54849565
0.91472423
-0.16904378
0.30131721
-0.8474823
-0.7934296
-0.46917593
0.2341541
0.6685872
0.7948122
-0.7630811
0.9913415
0.33758843
-0.7967807
0.38665462
0.49664545
-0.12145209
0.64150596
0.7490257
-0.74404836
0.6358131
-0.77850187
0.026907682
-0.10860729
0.67335093
0.57526135
-0.5312532
0.08999121
-0.66840017
0.84269786
-0.87168884
0.37266648
-0.6963867
0.6186838
0.9701102
-0.7715589
-0.14547265
0.843995
0.8696288
-0.37115657
0.16144931
-0.39550364
0.47705758
0.25641644
-0.69428396
-0.28492916
-0.41763628
-0.75225246
-0.2216351
0.18546891
0.12624252
-0.55441034
-0.30888462
-0.8971058
0.33983994
0.43779492
-0.3960458
0.06013894
-0.93344545
-0.32449782
-0.9724556
0.47916222
-0.57167137
0.13312757
-0.568576
0.5301082
-0.6404598
-0.9967021
-0.15916955
-0.14190209
0.7630228
-0.70274866
-0.15425682
0.06915128
-0.8297142
-0.28700113
0.74141216
0.4880029
-0.25669312
-0.7114811
0.39247262
0.711326
-0.42378724
0.0055123568
-0.25871634
-0.90182745
-0.21409154
-0.7378702
0.30010355
0.7547293
0.47163284
0.8831456
-0.23282254
-0.4965223
-0.16884339
-0.24285579
0.53599155
0.52949476
0.5087961
-0.7625252
-0.5716047
0.15212607
-0.5132823
0.8533387
-0.26425505
0.7930809
-0.20844257
0.6669998
-0.4862876
-0.45218635
0.15481436
-0.4184419
0.11818707
-0.3071481
0.12567818
0.13108742
-0.079699755
-0.61431503
-0.5169209
0.63254666
0.8827808
0.17540777
0.030169845
-0.81070983
0.75862086
-0.28777885
0.7858286
0.8330686
-0.2163316
-0.7759284
0.42697597
-0.71979654
-0.7692299
-0.5476216
0.7016932
-0.65554154
0.58424294
-0.62960327
-0.048318505
-0.7384006
0.5457554
-0.7569982
-0.7148322
0.0875684
0.91843915
-0.44749355
0.16582787
0.2636584
0.6137142
-0.3302536
0.9738002
0.50940645
-0.2803104
0.58253837
0.6018027
-0.20030522
0.55209315
0.72543347
0.42936492
-0.5194088
-0.17423594
0.23740983
-0.46583593
0.033851266
0.14032209
-0.40901864
0.12051737
0.84907305
-0.37252796
0.3015827
0.64665055
0.12281585
-0.72446406
-0.31425345
0.69606173
-0.025597095
-0.2985251
0.76745284
0.3520168
-0.37130797
-0.7895893
0.34231722
0.69210553
0.4281553
0.2522204
0.8384447
-0.5777726
-0.8572674
0.895195
-0.5684955
0.92301524
0.96994245
0.8852767
0.38184714
-0.20056796
-0.53527594
0.09953773
0.7964779
-0.97476983
0.89478385
-0.2558893
-0.95712686
0.98353267
-0.049613
0.15572321
0.45069826
-0.94537234
0.89642274
0.3646177
-0.6416124
0.2300483
-0.030762672
-0.85655594
0.152498
-0.2177223
0.70251036
-0.2635212
0.89819384
0.94237185
0.8079294
-0.8727417
0.18987107
-0.60993576
-0.088593364
0.0076856613
0.7137252
0.10540116
0.8091819
0.6613878
0.99222803
-0.36321068
0.69667363
-0.97166085
-0.8115581
0.38292384
0.0539639
0.19253886
-0.4684173
-0.7529799
0.34416735
-0.49790776
-0.23881519
-0.41098177
0.4746976
-0.78006744
-0.6161636
0.26907635
-0.052041173
0.8983755
-0.06680763
-0.35587025
0.92981327
0.11275554
0.7915275
0.45519888
-0.9848511
0.47580814
-0.52856123
0.839368
0.47506785
0.3387525
-0.8973781
-0.6639217
0.21596146
-0.22303808
-0.2145946
-0.7420349
0.8346175
0.5237
0.55561805
-0.40643418
0.064337134
0.77691257
0.08135033
-0.4592787
0.9049152
0.24001586
-0.46055317
0.57952666
-0.07443142
-0.49722052
-0.9124049
-0.16734123
0.017077446
0.7137742
-0.82265234
-0.61456156
-0.5786458
0.3887174
-0.103702545
0.7109927
0.6384475
-0.25708914
-0.6328937
0.73647726
-0.9610301
-0.109409094
-0.21836281
-0.83007944
-0.78834283
-0.9645771
-0.744257
0.16547525
0.5500895
0.9568312
0.73129106
0.3256203
-0.09043169
-0.09512484
0.53494287
-0.5837277
0.70611155
0.836733
-0.1324737
-0.59476006
0.22705543
-0.19844878
-0.08577919
0.8326278
-0.39932108
-0.5952766
-0.0638001
0.7965492
-0.46433616
-0.48890793
-0.3379774
0.6079966
0.07640445
-0.31110692
0.60639596
-0.5396812
-0.005237937
-0.9815098
0.20065928
-0.7968838
0.60164595
0.61435175
-0.5496055
0.84537864
-0.4571197
-0.98618424
0.39918137
0.9824892
-0.84549975
0.10672951
-0.8368863
0.5967002
-0.9144919
0.80707216
-0.57100093
0.1774919
-0.1749847
0.6484169
0.83212125
0.8097383
0.45070136
0.023088694
0.83025765
0.6529726
-0.91705334
-0.8601012
-0.116235375
-0.64034367
0.20142531
0.8633801
0.78268445
0.6358503
0.9572134
0.49080348
-0.29207742
0.92195344
0.97364175
-0.049587965
0.48282027
0.5583632
-0.26546395
-0.24994612
-0.09666598
0.7013973
0.6517247
-0.18926883
-0.99974227
0.47525406
-0.79143226
0.78177476
-0.41258836
0.59906304
0.39786553
-0.093066454
0.018707514
-0.8666748
0.99715805
0.5033734
-0.7210964
0.5726639
-0.6802901
-0.20554137
-0.53658044
-0.29656768
0.99421644
0.5244783
-0.51128304
-0.7167468
0.39054525
0.45771456
-0.8253125
-0.57087064
0.63397014
0.6601858
0.34367228
-0.2282331
-0.8710655
0.17105436
0.50786805
0.0028157234
0.31924224
-0.7606709
0.3199085
-0.12823296
-0.50022745
0.33363807
-0.9764471
0.34938002
0.10169792
-0.61174834
-0.52288485
-0.65986514
0.5163181
0.64323354
-0.72277224
-0.3210287
-0.49915743
0.5428308
-0.538283
0.27535653
0.10283208
-0.2974789
-0.87403643
0.1646738
0.20987725
0.32626438
0.98659253
0.29343283
-0.0799675
0.6924856
-0.05961728
-0.5925008
0.36034787
-0.37260234
-0.5031394
-0.85566545
0.06065333
0.10099387
0.64334774
0.97025037
-0.9961473
-0.7758657
-0.7042788
0.97731626
-0.21002805
0.6606716
-0.40747476
0.69345415
0.51790106
-0.38125968
-0.46870983
0.3012941
-0.16374862
-0.371292
0.9821762
-0.7493011
0.7543416
0.88661647
0.13482177
-0.16312087
-0.8713831
0.33223426
-0.3397671
-0.542647
-0.07738888
0.28737736
0.052665234
0.9195535
0.3349688
0.5064362
0.03992021
0.21578372
-0.56362104
0.14684665
-0.07124698
-0.11113715
0.070108056
-0.63142216
-0.8691139
-0.3381673
-0.7490077
-0.9091644
0.77137554
0.98639274
-0.7756672
0.59962606
0.6230073
0.0714494
0.5804552
0.0963465
-0.92255354
-0.31431496
0.505339
0.4461863
0.42673945
0.39301944
0.30650246
-0.9768994
-0.6105827
0.090141416
-0.008661747
-0.9910295
0.107085824
0.89006996
-0.12134254
-0.7019392
-0.67554605
0.060352802
-0.73911667
0.45003724
-0.75604165
0.3106724
-0.9470085
0.24788201
-0.25756073
0.07018244
0.49497056
0.32955754
0.90991235
-0.75599706
-0.5713706
0.20898998
-0.09117961
0.44132233
0.8395661
-0.42612278
0.17693484
-0.11883533
0.41487527
0.9922533
0.26027083
0.568933
0.27178
0.6801611
-0.15282667
0.26651216
0.9981606
-0.4610207
-0.30440605
-0.9736334
-0.769506
0.67891955
0.44819307
0.30736327
0.47684348
-0.3227687
0.19124246
-0.97513473
0.35232043
-0.8957635
0.94155335
-0.69587874
0.193218
-0.22777164
0.9802866
-0.3954848
0.7963561
-0.2374723
0.5641991
0.5694715
0.21591806
0.7618561
-0.464386
-0.8543695
-0.15373528
0.44418216
0.7553636
-0.17554033
-0.08776748
-0.42191803
-0.8374026
0.31512773
0.74580705
0.888446
-0.78261423
0.4908948
-0.60132885
-0.722666
-0.86657846
0.4003471
0.054009438
0.2904309
-0.18295753
0.74366534
-0.030546665
-0.66233313
0.9847108
0.13316274
0.19874597
-0.56985843
0.25470674
0.24319482
-0.22358191
-0.4721923
-0.14794469
-0.42988276
-0.63741887
-0.89306796
0.2118398
0.8374044
0.27018118
0.5129348
0.52948296
-0.63029313
-0.64769626
-0.021181583
0.03303051
-0.79580855
-0.78880465
-0.065686345
0.318882
-0.10416758
0.6836573
-0.86541164
-0.09300041
0.39957225
-0.57930493
0.08467531
0.67382777
0.97682357
0.7553507
-0.23233306
-0.018311977
-0.41672146
0.8653382
0.49849105
-0.85577667
-0.1376673
-0.3084861
0.17420924
0.8817512
0.8127383
-0.84431696
-0.21393847
0.19261587
-0.05421257
-0.80066335
0.96391153
-0.30751348
0.7280121
0.087468386
-0.13739562
0.08000338
0.1579802
0.6187117
0.8505429
0.63242245
-0.8056053
-0.534009
0.35828996
-0.7916007
0.5877632
-0.7667229
-0.3197813
0.3575009
0.5260366
0.12770617
-0.55755854
-0.940622
-0.15128958
0.86733496
0.45895088
-0.8770112
-0.21692479
-0.19049942
-0.44512212
0.18227303
-0.014005303
-0.18930233
0.05702722
0.87495685
0.816411
0.31491876
0.6096505
0.5626575
-0.69437623
0.19359446
0.9962853
-0.24863231
0.22840297
0.28795052
-0.8788198
0.14118671
0.40856433
0.07634795
0.26736474
-0.5564834
0.22439528
0.8288162
-0.5999223
-0.7451643
-0.074821115
0.72360647
-0.52246547
-0.59822595
-0.55086684
-0.82748806
0.47568822
0.33702016
-0.029213428
0.8004999
-0.20428872
-0.034719586
0.33376265
0.6997098
-0.27533126
-0.659961
-0.8189477
0.55816174
-0.8602042
-0.84655344
0.22324967
-0.3390689
-0.68032515
0.032733083
-0.66370153
0.4686401
-0.15752625
-0.9221827
-0.3893019
0.1687429
0.5594958
0.57820547
0.0467242
0.22429621
0.6351416
-0.28394055
0.1741811
-0.750947
-0.098255634
-0.38909757
0.7459074
-0.46562874
-0.7943671
0.13553536
-0.0066530704
-0.95859075
-0.9085269
0.40930867
0.32785535
-0.26852465
0.8139386
0.16213107
-0.6828033
-0.40046394
0.163854
0.6999607
0.16326165
0.8433341
0.49112606
0.9607066
-0.43892598
-0.8328316
0.29632413
0.13043833
-0.056484222
0.49020624
-0.79981613
-0.973258
0.8300462
-0.70942736
-0.50463295
-0.4865539
-0.17359614
0.7359612
0.003526926
0.6844561
-0.80250096
-0.32202685
-0.07463837
-0.42895138
0.69532907
0.85088766
0.76041996
-0.65512526
0.21190464
0.32742643
-0.6782993
0.097578764
0.99427104
-0.1631223
-0.8314134
-0.50196826
-0.33863282
0.118520975
0.3776431
-0.7883105
-0.43640614
0.52071345
0.06779194
-0.30331087
0.49468565
-0.20040011
-0.7458693
0.6824738
-0.82279634
-0.961241
-0.1608026
-0.36533785
-0.020679593
-0.89895964
-0.5659336
-0.80846953
-0.9305543
-0.3835615
0.4628079
-0.1689564
-0.3292147
0.56644404
0.027316809
0.8323052
0.64052534
0.6884599
0.33634079
0.40231967
0.5746299
0.6174271
0.32996488
-0.85000765
0.742121
0.6108229
0.31236672
-0.06242311
-0.99868083
-0.6459768
0.9511092
-0.41026783
-0.5297431
-0.5167744
-0.42341483
0.5876992
-0.95404685
0.6415409
0.14276612
-0.6522038
0.23038578
-0.0694356
0.9686147
-0.86233866
-0.63108444
-0.85395265
0.103200674
-0.6900996
0.9900267
0.08479917
-0.86230767
0.051723957
-0.98982215
-0.8455243
-0.028722405
0.01274538
-0.9028064
0.46353328
-0.4708066
-0.73545885
-0.6608746
-0.7483165
-0.010814428
0.37933147
-0.18176055
0.95923686
-0.38610268
0.8368939
0.92341554
-0.77438366
0.8831599
0.35555065
0.8366314
0.7331208
4.4214725E-4
0.5029669
-0.90548503
0.9330605
-0.10341215
0.5150126
-0.6454339
0.45024347
0.112424135
0.60678566
0.2942071
-0.71770585
0.10715115
-0.79898834
-0.84778094
0.9975153
0.9651171
-0.041359305
0.9054997
0.97527826
0.6694231
0.8389982
-0.015181184
-0.40615916
0.24279857
-0.26198006
-0.7969979
-0.79914725
0.44660532
-0.32013214
-0.9643762
-0.9682834
0.35618877
0.72778296
-0.69801486
0.08173418
0.12985325
-0.57616234
-0.20672965
0.68218255
0.45052147
-0.11499429
-0.45802462
-0.64806163
0.39090574
0.92663026
-0.31514764
0.85010266
0.43828213
-0.46286666
0.6098752
-0.5224204
-0.12650013
-0.49585998
0.07148349
-0.9156743
-0.9533342
0.3377769
0.88924384
0.23282588
0.9013177
0.22870815
0.80098224
0.1273607
0.5983201
-0.4753008
0.016511679
-0.39588118
0.66497684
0.049589396
0.41271174
0.33177352
0.7849574
0.99323046
0.43154383
0.81959367
-0.65215766
-0.42785907
0.30249715
0.57559466
0.046933413
-0.7684361
0.82910633
-0.7130369
0.160205
0.89472306
0.68093324
0.9766015
0.3379054
-0.739918
0.8494334
0.2719593
-0.4263674
-0.9707501
-0.0037142038
0.035421968
-0.96779907
-0.6249336
-0.90977097
0.26075125
-0.8179283
-0.87921596
-0.35641885
0.22997808
0.5235412
0.717849
0.57908237
0.12358928
-0.43646312
-0.066479206
0.24436915
-0.46112752
-0.33272028
-0.5263343
-0.7855859
0.4332509
-0.72400224
-0.1150378
0.5570333
-0.1111058
-0.36566794
-0.14982581
-0.63528955
0.59069455
0.69333017
-0.7129687
-0.83458245
-0.89809895
-0.026509285
0.89380336
0.809947
-0.22834766
0.77197385
-0.6076646
0.49392223
0.55891275
0.7198287
-0.32719612
0.515738
-0.8682749
-0.9638041
-0.65426636
0.4101205
0.5043273
-0.7595799
-0.6109265
-0.65010524
-0.80613387
-0.9203707
0.20582306
0.70133007
0.68075156
0.17461121
-0.42346954
-0.21728873
-0.10902548
-0.29697764
0.8279071
0.04947126
-0.18498528
-0.6953994
0.70201707
-0.14355898
-0.6523608
-0.55710435
-0.41053534
-0.22107112
-0.63148856
-0.51690435
-0.7945862
-0.73393583
-0.8410895
-0.30692554
0.69109166
-0.38497102
0.9201008
0.8483331
-0.7011508
-0.7374095
0.66030014
0.88082683
0.08033717
-0.033869863
0.5673624
0.47276294
0.69059455
-0.7282202
0.4820385
-0.76839674
-0.07718432
0.83022106
-0.18790734
0.3202139
0.80743456
-0.38469648
0.5419476
0.54114056
-0.015578985
-0.67269456
0.53850055
0.9273733
0.060008645
-0.4719863
-0.44488347
0.07095802
-0.70957005
0.07174778
-0.10236156
-0.42107248
-0.77117896
0.78412306
0.12489247
0.1930399
-0.008270264
-0.8758589
-0.82081246
-0.08827102
-0.8556807
-0.32325828
-0.47147012
-0.2682395
-0.5046396
-0.8998475
-0.9182122
0.8618685
0.4926473
-0.16064107
-0.57783127
-0.91411865
0.60601497
0.16418874
0.18568647
0.6595465
-0.20062292
-0.54550576
-0.1363604
-0.83929443
0.67709315
-0.9013814
-0.11344457
0.18015611
0.42673326
0.7638887
0.28792298
-0.09975064
-0.4156412
0.41467524
-0.4330957
-0.62399745
0.76551986
-0.5237591
0.3689171
-0.2184496
0.7122023
-0.44094276
0.36159718
0.7416016
-0.28883135
0.66264045
-0.9375026
-0.98199964
-0.91803443
0.6706331
0.51655614
0.8065145
-0.015972614
0.036485672
0.5496781
0.41585493
0.25373518
0.05454719
0.044814587
0.50319266
0.8872107
-0.86618257
-0.7149832
0.8378396
0.6974684
-0.43358433
-0.848338
-0.0766803
-0.30895948
-0.1583618
0.9042264
-0.9499649
0.9562657
-0.5628102
-0.26930285
0.45465744
0.9913037
-0.034070134
-0.6437067
0.3629923
-0.88594174
-0.28034234
0.12518883
-0.41858613
0.109259725
-0.9122796
-0.70077777
0.9252924
-0.16806972
-0.49955845
0.30421746
0.73466957
-0.11546612
0.8246933
0.5348613
0.7875322
-0.46824682
-0.70325494
-0.37934864
0.4954139
0.057733655
-0.20252681
0.057086706
0.9269823
-0.8172438
0.6449866
0.39809
0.18125749
0.84783065
-0.90614057
-0.8510457
-0.69207036
0.5861161
-0.21114385
-0.26351786
0.38890433
-0.6999483
0.8309257
-0.11174536
0.7499827
0.054597974
-0.4127879
-0.8687929
-0.5820198
0.5132278
0.53403795
-0.59276354
0.8863822
0.94873595
-0.7123636
0.76798594
-0.33216703
-0.048748493
-0.5165124
-0.69891167
-0.18337286
-0.3420086
-0.35065222
0.68606377
0.07743263
-0.29850376
-0.076423645
-0.3088975
0.1924901
0.30478394
-0.95043063
0.39468884
-0.53048337
0.7637558
0.08562958
0.6222656
-0.5762372
-0.2987603
0.6703346
-0.017015576
-0.73635805
-0.76353765
-0.654444
-0.2886436
0.44983792
-0.09704256
-0.36189294
-0.7191045
0.4388187
0.61264944
0.5182122
0.260453
0.09549761
-0.91895616
0.07648134
-0.7910361
0.85491836
-0.69367766
0.28497005
0.41208315
0.4140476
0.37312424
-0.5673797
-0.90273273
-0.9169364
6.097555E-4
0.05752778
-0.6539211
0.61819816
0.8759881
-0.84902406
-0.5410645
-0.2512772
-0.55773354
0.20014393
-0.9954752
-0.79113805
-0.9930209
0.79323447
-0.5287672
-0.9427519
-0.0971967
0.4641155
-0.61998343
-0.2656989
0.088196635
-0.9586899
0.24727762
-0.3498875
0.68472576
0.7324616
0.01377511
-0.7531755
-0.802974
-0.32938933
0.8740443
-0.7688868
-0.22794032
0.72941434
0.023991466
-0.028499484
-0.9215311
-0.45631766
0.14737308
-0.49467003
0.0075529814
-0.7815397
-0.278898
-0.03888464
-0.7708024
0.9497353
0.9522922
0.88963854
-0.97536194
0.39431512
0.6655247
-0.41612577
0.14021158
0.20344079
0.31703162
0.1820947
-0.42954957
-0.33164442
-0.11528528
-0.42489254
0.12442553
0.31678176
0.31168973
0.91852355
0.82689476
0.8536742
-0.109775186
-0.9184903
-0.842525
-0.22937107
-0.8324102
-0.50183845
-0.13004208
-0.124940395
-0.8782157
0.6362046
0.72447264
-0.06189418
0.26094103
0.3262142
-0.49683094
0.56085193
-0.5057591
-0.6748047
0.79240966
0.54969573
0.93450046
0.1997093
0.35931206
-0.18224478
0.834532
-0.45947516
0.7173408
-0.25956368
-0.47649562
-0.045958042
-0.61480474
0.5463381
0.16968918
0.6627362
0.14745355
0.68243384
-0.5927769
-0.008880377
-0.39250898
-0.9759122
-0.93680274
0.7749901
0.79756665
0.5813261
-0.5749363
-0.27396464
-0.57664335
-0.83547366
0.49586642
-0.916541
0.34756398
-0.0967927
0.57622945
-0.7822894
-0.4322449
-0.9449614
0.1486988
-0.896613
-0.34328306
0.09892321
-0.43547988
0.28996527
0.38009274
-0.5172993
-0.6309395
-0.13253224
-0.012194753
0.8055328
0.4549346
0.3029871
-0.97400117
-0.22345984
0.58779943
-0.57704175
-6.0272217E-4
0.530126
0.4763174
0.40119076
-0.07422805
-0.773703
0.5037739
-0.29378676
0.89160573
0.15907443
0.8343687
-0.45803022
-0.20077741
0.5818988
-0.036410213
0.5180898
0.28008544
0.28618515
0.2919122
-0.099137425
-0.542657
-0.30549943
0.13816917
0.7709377
-0.87500393
-0.68388236
0.22839963
0.35216618
-0.24555886
0.22908318
0.33410037
-0.5623448
-0.6438974
-0.42518628
0.90820193
0.6400516
0.96007645
0.560243
-0.42344797
0.70555913
0.71214163
-0.7534181
-0.23267996
-0.41625464
-0.7816621
-0.543054
-0.038143277
-0.27742088
-0.2479651
0.8578687
-0.32927537
0.2013613
0.73271084
-0.03133738
0.70170176
-0.9794445
-0.0025185347
0.2406367
0.29761147
0.9904798
-0.15202093
-0.9555632
-0.23281002
-0.7898164
-0.26908207
-0.5663333
-0.92056
-0.23041117
-0.70368683
-0.15191317
-0.9101361
0.86441326
-0.9002147
0.8179822
-0.55430305
0.46301568
-0.46710014
0.47687173
-0.6118865
-0.35812104
0.8674954
-0.067004204
-0.4750923
0.002995491
-0.6928315
0.8476037
-0.13878453
-0.35079908
-0.59655654
0.8828577
-0.096503496
0.12603533
-0.6011243
0.8833207
0.229581
0.8007617
0.3188666
-0.9821143
0.562672
-0.7432482
-0.20598924
-0.18471885
-0.10138261
0.50683224
0.5322995
0.6638397
0.6935959
0.90087354
-0.51631045
0.40917587
-0.6150646
0.4056822
-0.51216614
-0.9278003
0.7336682
-0.98988414
-0.46009457
-0.76890016
0.5674645
-0.9474207
0.7513399
-0.52250683
-0.32815742
-0.36484933
0.15521002
0.68796265
0.81236386
-0.5116552
-0.72573817
0.17311049
0.43846154
-0.15108883
0.92910004
0.5086583
-0.43055224
0.43239987
-0.75844765
0.8549372
0.025181055
-0.5990156
0.84209013
-0.42354345
0.6491697
-0.51999736
0.6097634
0.13252163
0.87313163
-0.14513648
0.07915115
-0.42028296
-0.9369607
0.13064039
-0.8067341
-0.92961144
0.022539735
0.063343525
0.14740217
-0.18283105
0.046673894
-0.26569057
-0.5289782
0.8974987
0.5346149
-0.2466377
-0.42135692
-0.3243593
-0.31648624
0.51467717
-0.8367151
0.61074543
-0.22341824
0.72010565
-0.08448136
-0.20773804
-0.5914403
0.7128911
0.06706405
0.098770976
-0.69668233
-0.3287946
0.65081036
0.7198031
0.59531844
-0.4069407
0.6411288
0.625273
-0.72586656
0.11538184
0.32255268
-0.96704185
0.41547108
0.56019986
0.39579678
-0.96363294
0.6108122
0.855893
0.06337464
-0.7549844
0.20960462
0.96371424
0.26969206
0.89445496
0.43310118
-0.3723303
-0.4393289
-0.35149515
0.7186799
-0.7057872
0.86511683
0.8914473
0.7004278
0.20803213
-0.3950888
-0.74995637
0.6997323
0.42877996
-0.3343656
0.35707176
0.4436903
-0.06560135
0.18659222
-0.6612432
0.6856321
-0.6604626
-0.82609
-0.5466056
0.48855102
-0.021587491
0.44805574
0.90927136
-0.052438974
-0.7473749
0.28481555
-0.26543033
0.15173876
0.9544288
0.70457935
0.1544398
0.08018577
-0.37051225
-0.85175025
-0.8487743
0.034445047
-0.5186808
-0.78013515
0.54957926
-0.9466599
0.53962064
-0.7219136
0.2917819
-0.25802374
-0.8299328
-0.5457541
-0.33084273
-0.93964434
-0.9963083
-0.271891
-0.3216114
0.1264031
0.17564297
-0.9003589
-0.19150436
0.04200816
-0.29177523
0.7827493
-0.7269355
0.47902453
0.9301623
0.37348056
-0.27279747
0.37637353
-0.8722062
0.7998965
-0.9999964
-0.007953167
-0.034650207
-0.23546135
0.38768566
0.89871895
0.5379431
-0.40500116
-0.94708943
-0.23605251
0.8358407
0.7068088
0.43123925
0.15187943
-0.3381852
-0.9298687
-0.96838546
0.6405829
-0.9291252
0.5032574
-0.6841619
-0.43359935
0.7657292
0.6686579
-0.4598962
-0.7358334
0.81044734
-0.7705003
-0.4660877
-0.86894536
0.9037316
-0.3244325
0.7785113
-0.15516996
0.32300043
-0.6818584
0.13501668
-0.9618343
-0.29161668
0.38551927
-0.125525
0.37455308
-0.044746995
0.05773425
-0.10254753
0.7745098
-0.36516178
-0.27491856
0.22468555
-0.7291708
-0.76921713
-0.6640053
-0.07546675
0.17738068
0.88751733
0.042606592
-0.044676423
-0.23249054
-0.20750952
-0.384856
0.18533587
-0.913259
0.39345288
0.46863413
0.7604835
0.76284873
-0.32491088
0.34792137
0.57640946
-0.6017895
-0.8663558
0.50166667
0.84056616
0.28985167
-0.002717495
0.82603514
0.45006275
-0.44203556
0.9035313
-0.7113788
0.4380169
-0.7084013
-0.42069387
-0.20148873
-0.76351273
0.8394486
0.14595604
-0.55379486
-0.44432425
0.9643072
0.22002363
-0.8943902
0.7811153
-0.8968555
0.88475037
-0.79107594
0.8433951
0.57346404
-0.5912138
0.04467535
-0.6747483
-0.83555543
0.98435307
-0.80862
0.35147345
0.35343874
0.10077858
-0.7825035
-0.3228395
-0.6189735
-0.029376626
0.11697197
0.87484205
-0.13142753
0.8505894
-0.79555094
0.052427173
-0.3800546
0.47028673
-0.50793743
0.9498346
0.043807387
0.07726061
0.56890273
-0.69344306
0.37598693
0.96121085
0.39413083
-0.78424215
0.9655067
-0.47491288
-0.58392715
0.8394121
0.48665798
0.97297835
0.29438055
0.8163732
-0.4918121
0.08795011
-0.9862976
-0.6797689
-0.37448716
-0.86301243
0.14972925
-0.20820904
0.86047494
0.08098781
0.82766366
-0.43638837
-0.4456513
-0.44242406
-0.12394452
0.99916613
0.10364795
-0.2280817
-0.26623034
-0.6190165
0.9761245
0.8604305
-0.24596548
-0.99901974
0.13875246
0.52534854
0.13779056
0.038733125
0.75429225
0.97181225
0.32084584
-0.42742074
0.46330404
0.266917
0.26887333
-0.9267117
-0.7494472
-0.8081125
-0.13450897
0.006031513
-0.43379486
-0.85986614
-0.992735
0.6451056
-0.4181198
-0.5522734
0.7724093
-0.7747402
0.039566875
0.20729804
-0.7345573
0.35764885
-0.2910167
0.7462926
-0.35246456
-0.12220967
-0.10129058
-0.16311407
0.16246033
0.5240861
0.44220436
0.7950126
-0.58710325
0.03135538
0.056688786
-0.97667646
-0.9854821
0.23357058
-0.31281888
0.5172864
0.37029696
-0.121026754
0.4172802
0.30106652
-0.4895283
0.2506162
-0.44857395
0.7625536
-0.38840985
0.944023
-0.36957574
-0.8565687
0.3491975
-0.22478473
0.29430783
-0.10469198
0.09250057
-0.32277954
0.19671845
-0.22236514
-0.9135705
0.39798892
-0.4732566
0.14471018
0.18889654
0.05029142
-0.687381
-0.79898465
0.9718958
0.20379853
0.5532427
-0.39378166
-0.38111925
0.77653277
0.6155925
-0.15057659
0.153278
-0.0911082
0.29777026
-0.39107966
0.24101138
0.12633753
0.8185364
0.8472873
0.78172183
-0.83920765
0.86622226
-0.20298207
0.42842197
0.9561542
0.11536515
0.05987358
0.27433336
0.6867858
-0.52786076
-0.27882373
-0.52943707
0.53224087
0.19473743
0.2717775
0.27229357
0.84599626
-0.81139064
-0.0047773123
-0.23126423
0.0059633255
0.71647775
0.7316948
0.6789317
-0.67831624
-0.2118603
0.14593887
-0.53144884
0.9852786
0.18532324
0.032042384
0.5702982
0.18453944
-0.20639586
0.16845906
0.6118885
-0.4525634
0.29920566
-0.16699111
0.7414807
-0.63560903
-0.2127949
0.49705398
-0.10710764
-0.7491784
0.05435586
-0.70586395
0.18511319
-0.31312525
-0.9892894
0.6108409
0.66699195
0.22924507
-0.8429035
-0.7574587
0.8942269
0.06326985
0.33906174
-0.18376839
-0.011116624
-0.7101029
-0.37773263
-0.9145869
0.0397985
0.16583025
0.8207699
0.88269186
-0.85513127
0.08654678
-0.16919625
0.26542425
-0.20594847
-0.022407532
0.15235078
0.15565157
0.39689684
0.90247834
0.77407086
-0.33877826
0.85377324
0.9747772
-0.3096254
0.53017473
0.47010577
0.35303915
-0.26987147
0.75117195
0.0636071
0.381541
-0.096464396
0.24125695
0.6926203
0.4055637
0.19718635
-0.4129486
-0.5525092
-0.06902015
0.52847373
0.8113904
0.63580763
-0.4851681
0.55208147
0.66539073
-0.5728929
-0.12707877
-0.88309014
-0.30670118
0.6051527
0.38510907
-0.3933078
0.6376966
-0.96057844
-0.4118123
0.14798427
-0.844491
0.3963629
0.8952038
-0.9972216
-0.5332123
0.561082
0.10065007
0.42851436
0.7806952
-0.6417316
-0.9391248
0.21581721
-0.8849989
-0.8943405
-0.977466
-0.88478136
0.58149564
-0.0064646006
-0.4406942
-0.1690191
-0.8589605
-0.51958716
-0.9749198
0.36677897
-0.8142352
0.0801636
0.30325222
0.70948327
0.68574214
0.8724618
0.795802
-0.6300564
0.8029944
0.61119306
0.8278729
0.681095
-0.7569158
0.7799566
0.6252235
0.28270066
-0.24410045
0.7269964
-0.1588757
0.47871304
0.3412193
-0.9879631
-0.7398783
-0.5011201
0.24593031
0.25398803
-0.8109925
0.77344024
0.79939806
0.5520736
0.46693742
-0.437631
-0.28126085
-0.5344664
-0.30016267
0.37371433
-0.4198891
0.61189127
0.8681605
0.04545808
0.7053952
0.24529743
0.89709663
-0.080397725
0.42182016
0.30037248
-0.9538652
-0.24534535
0.33740735
0.9602158
-0.5916691
-0.26654708
-0.58384204
0.9880483
-0.347131
-0.2613591
0.8683772
-0.96025836
0.047924757
0.88068044
0.48448813
-0.33001852
-0.6789187
0.74686956
0.48237574
0.5099548
-0.98550165
0.94952846
0.3122406
0.41245246
-0.45915544
0.023626447
-0.57110226
0.5455885
0.41904616
0.5762435
-0.28455436
0.31466222
-0.6521585
0.6212146
0.0965153
-0.52002597
-0.55216336
-0.6778364
0.64240897
0.32486904
-0.3366232
-0.22275782
-0.9778811
0.65235853
-0.13552177
0.15180612
-0.9455136
-0.2789241
-0.567062
-0.6751746
0.029898524
-0.025993705
0.26844883
0.46611977
-0.21657026
0.099595666
-0.6707655
0.59084594
0.703982
0.15894282
0.5527786
0.4126377
0.12879455
0.31051552
-0.28271616
0.7862294
-0.7790835
-0.8078402
-0.65853846
0.024353862
0.43741226
-0.06270635
-0.17674017
-0.49645805
-0.79705846
0.7975457
0.83756876
-0.36828232
0.19794738
-0.36158347
0.6054522
0.61102605
0.7002698
0.41976595
-0.5240799
0.9472239
-0.7129234
-0.04774463
0.69483006
0.56852925
-0.32964408
-0.45123458
-0.95043373
-0.7603519
-0.080161095
0.011958122
0.95434594
0.98960423
0.39440012
0.09252119
-0.4327768
0.09506202
-0.4147749
0.0254184
0.7002493
-0.8646101
-0.84390104
0.9431257
-8.119345E-4
-0.5956633
0.7890897
0.34606814
-0.5646713
0.94970703
-0.79507875
0.883235
0.28216136
0.42192137
-0.2200191
-0.5065613
0.06313455
-0.76886547
0.53595185
-0.45563197
-0.5212122
-0.9917364
-0.4004947
-0.4218564
0.98388016
0.5866585
-0.65938604
-0.74450326
0.8256185
-0.50168526
0.7773553
0.24413633
-0.7831433
0.9228132
-0.88265836
-0.69017875
0.5535898
-0.96885705
-0.21785653
-0.53820074
0.75083876
0.40406382
0.37854743
0.4295746
-0.17199683
-0.36924684
0.94270706
-0.71137416
-0.30690014
-0.9554925
0.6499857
-0.9768419
-0.0696187
0.8457929
-0.029444695
-0.9400425
0.46929348
-0.6022041
-0.96911156
0.20585787
-0.107532024
-0.6641004
0.44265556
-0.61955655
-0.67939866
-0.82848525
-0.031993628
-0.5051491
-0.80697405
-0.56497455
0.64476156
-0.24240863
0.6511872
0.016079426
-0.90603817
-0.40884447
-0.1590172
0.4271493
-0.97098935
0.75198376
0.3981352
-0.7754636
-0.00992167
0.72564185
0.19386125
0.037370443
0.20552635
0.11443329
0.5276959
0.62848794
0.55612445
0.6731646
-0.8016776
-0.52855086
-0.13371849
-0.46144116
0.005800128
-0.41331506
-0.6958307
-0.27166283
0.39004266
-0.770556
0.33049214
0.37796223
0.14744246
0.6366626
-0.6589848
0.6884191
-0.046967983
0.87416923
0.5043272
0.9603919
0.118677616
-0.88388073
-0.93656015
0.2032392
0.41389608
-0.047224283
0.9637364
0.97698176
-0.4533875
-0.14043128
-0.33725703
-0.2709663
-0.8655677
-0.650162
0.59771144
-0.16714287
-0.31308115
0.93712425
0.41986108
-0.23747098
0.6663414
0.49290538
-0.20968509
-0.1838988
0.40502965
0.32609987
-0.5304234
0.033552766
0.24472773
0.03655505
0.47332358
-0.52471924
-0.65367424
0.3924433
0.22211611
0.8989111
0.22245038
-0.08143592
-0.45264864
-0.3085674
0.10225713
-0.8921567
-0.04730308
-0.6927804
0.08527923
-0.98810756
-0.85217094
0.58861256
-0.076512575
0.039680004
-0.7956549
0.39383423
-0.16179955
0.98874986
-0.9767611
-0.35218334
0.58778536
-0.6751803
0.5965766
-0.983024
0.016104937
-0.5319023
0.89651144
0.17228281
0.39953494
-0.92542195
-0.607702
0.36059916
-0.65251243
0.035511255
0.09651363
0.59788823
0.9793688
0.9570079
-0.25245368
-0.8934933
-0.81232953
-0.695588
-0.02493167
-0.9494437
-0.50342345
-0.93600535
-0.046542645
0.6176666
0.23846006
-0.16974795
-0.3340366
0.023296475
-0.69642437
-0.4055307
-0.8228862
-0.92336035
-0.21596777
0.3943143
-0.40407622
-0.92130446
-0.44912374
0.37137902
-0.7823075
0.5874785
0.6982366
-0.05863118
-0.17646527
-0.92161
-0.70738935
-0.24111724
-0.38340497
-0.12358451
0.8163955
0.28550458
-0.23937929
-0.40075386
-0.16316235
0.15756679
-0.90499043
-0.58389604
0.91507006
-0.40896666
0.12160051
-0.08331931
0.651476
-0.07069659
0.7396225
-0.44986165
-0.4938501
-0.4095602
-0.95014644
-0.7812426
-0.99414325
-0.66029406
0.6169574
-0.49097717
0.92702043
0.5189339
0.28614938
-0.4396019
-0.29046893
0.90495765
-0.43090916
0.08572054
-0.20355463
0.82523286
-0.02729392
-0.5247513
0.80410445
0.3911245
-0.17174554
-0.82164013
-0.1938008
-0.13921344
0.2274617
-0.86655295
-0.12948596
-0.3621136
-0.21489573
-0.59036577
0.031370163
0.9547297
-0.023344874
-0.5332633
-0.26669693
0.36495233
-0.24480271
0.5968813
-0.5323529
-0.4505701
0.6998323
-0.2219181
-0.22491169
-0.83175004
0.9104874
0.9737811
0.34179425
0.40157402
0.7199042
-0.9888662
-0.18144214
0.0243119
0.6774137
-0.2459333
0.89190805
-0.7536856
0.46190488
-0.924392
-0.410025
-0.20489395
0.8504214
-0.12040579
0.7769402
-0.22292423
0.70760775
0.40783167
0.14730704
0.46188724
-0.5704768
-0.39043117
-0.94963694
0.31120098
0.28917778
0.29142487
0.33773625
-0.8845254
-0.23723054
0.98468375
-0.2792561
0.09169173
0.8935504
-0.62871826
-0.6565473
-0.9083129
0.95926774
0.1393727
-0.67761636
0.81787884
0.6902461
-0.735278
-0.3187312
-0.93549967
-0.26434743
0.9373387
0.63206804
0.7029345
-0.65115786
0.20688474
-0.35926569
-0.60418916
-0.1313262
-0.53003144
0.6933701
0.12371755
0.6783415
0.2631408
0.07707369
0.58952737
-0.75116074
0.5841985
-0.35216963
-0.24147975
-0.40080714
0.79950297
-0.28059208
-0.69096625
0.16480947
0.79584956
-0.47726357
8.636713E-4
-0.55026805
0.62271523
-0.28863907
-0.9091033
-0.10448897
0.69640434
-0.91189003
0.39256763
-0.2676711
-0.5150926
-0.029705405
-0.37597907
-0.05330062
0.2756468
0.17090297
-0.16310406
-0.67945504
0.4934026
-0.86694443
0.26228034
-0.6590333
0.45954657
0.4022931
0.432662
-0.122887254
0.37447023
0.35025775
0.29998422
0.25495863
-0.3977852
-0.725639
-0.08724952
0.7735754
0.51051784
0.99776435
0.46336365
0.99482656
0.6727172
0.59532154
-0.12440455
0.15593028
0.20341945
-0.5068245
-0.94240665
-0.189291
-0.55801976
0.9578712
-0.7342707
0.96664226
0.712384
0.8367672
0.25768948
-0.62669826
0.10198128
0.6731067
0.8895967
-0.28809345
0.27296317
0.24046707
-0.85704434
-0.12965953
0.4388647
0.7728578
-0.85459507
-0.44594574
0.5245106
-0.7349045
0.24847496
0.6280879
-0.06641936
-0.85383
-0.3991375
-0.087486625
-0.44340026
-0.7447617
-0.35652602
-0.07732093
0.9780961
0.65106225
-0.42976844
0.17274976
0.13061345
0.54276013
0.8452153
0.21844864
-0.22781956
0.13057506
-0.5777967
-0.6688688
-0.45907497
0.8841077
0.23839879
-0.5448744
-0.5947796
-0.3374821
0.99267817
0.44467127
0.050786376
0.9031912
0.09388602
0.20304918
-0.8705263
0.08521032
0.18161583
0.608127
-0.12875116
-0.06922436
0.7668836
-0.48467493
0.89562464
-0.13309205
-0.41930616
-0.15306222
0.24714088
0.5629519
0.2035557
-0.8718964
0.8484527
-0.27551126
-0.1914053
-0.20698822
0.37233317
0.50539875
0.49635875
0.29493272
-0.33011293
-0.9526291
-0.87668145
-0.6986222
0.5772219
-0.1732105
-0.09777653
-0.011601567
-0.59133613
0.14552307
-0.16400433
-0.7307602
-0.48543417
0.6138332
0.4740349
-0.53796446
-0.24973631
0.61581326
-0.9317471
0.8349848
0.91551626
0.20208645
0.25469136
0.2377541
-0.4422449
0.7088431
0.4752642
-0.13678885
-0.10411954
0.6508081
0.84434855
0.46879447
-0.046374917
-0.5212053
0.69919693
0.16285884
-0.23663664
-0.06322813
0.07528651
0.3254882
-0.7853695
0.7117144
-0.47716117
0.23904204
-0.19026375
0.46109223
-0.48483717
0.56086886
-0.6838434
-0.8469533
-0.03922677
-0.45480514
0.6675817
-0.10524106
-0.43175638
-0.26455867
-0.9104763
-0.60687864
-0.14445424
0.18066287
0.46947014
0.1327169
-0.9444648
0.7151849
-0.35486674
-0.08031273
-0.06115544
0.7698821
0.26812434
0.18296838
-0.6714386
0.004129529
-0.033697724
-0.6905203
0.772794
0.8628092
0.9593328
0.1863159
-0.7921338
0.23261237
0.39308214
0.30619466
0.50404024
0.61227643
0.2950747
0.4440018
0.33614504
0.69458497
-0.90768313
0.62013745
0.94338524
-0.28753412
-0.51747704
-0.67535293
0.8972385
-0.7878902
-0.45035446
0.6852021
-0.8736973
-0.37629235
0.33529592
-0.771474
-0.92395234
0.80244744
-0.37889385
0.32172883
-0.7852496
-0.037671804
-0.02347064
0.40635705
0.12076318
0.63290346
0.74645627
0.27917707
-0.63173306
-0.3997153
0.6890454
0.3614334
0.4176222
0.5708699
-0.44672906
0.9704437
0.042425275
-0.5021578
-0.33390307
-0.19194925
0.59974146
0.27125955
-0.729661
-0.63995445
0.0652858
-0.41643834
-0.8631307
0.71583784
-0.6146023
-0.8092005
-0.87917054
-0.06872594
0.79757833
0.099386215
-0.37587404
-0.16127014
0.5774579
-0.82158554
0.18014812
0.9328264
0.6999128
0.7446258
-0.06291473
0.3089702
-0.5455091
0.36319685
0.060367465
0.6933001
0.71040213
0.681157
0.9108192
0.37066197
-0.3545854
-0.05377531
0.22255623
0.6923362
0.97865605
-0.9968282
-0.12582886
0.13403654
-0.4966321
0.19975698
0.72029376
0.29008043
-0.2928176
0.628322
-0.63861203
0.35074222
-0.019179106
0.48709846
-0.25789368
0.5420283
-0.8811853
0.73312354
0.6783681
-0.35790014
0.056764603
0.4386934
-0.552485
-0.63579464
-0.10114467
-0.16599905
0.59263074
0.35641146
0.8781512
-0.4452268
-0.71916234
-0.5359721
-0.14678884
-0.59363437
-0.36318827
0.28804922
-0.048416495
0.45214808
-0.8011577
-0.08492088
0.9788674
0.5376394
-0.7013036
-0.13980806
-0.042419076
0.73249876
0.06280005
0.02942574
-0.3393687
-0.47385085
0.71650505
0.054718137
-0.9414257
0.02178979
0.8224412
0.2689916
-0.71185076
0.56633544
-0.5936562
-0.6330961
0.93311644
0.11519158
0.05876863
-0.6621059
-0.7702153
0.7017311
-0.98055565
0.369215
-0.8073852
-0.640836
0.9546387
-0.68945754
0.80501616
0.080684066
0.16001189
0.087625146
0.32322955
-0.58787966
-0.17352939
-0.3243153
-0.33540094
-0.78418696
-0.10978961
-0.6744722
-0.15559816
-0.6526445
0.97739875
0.51448107
0.81780803
0.42669988
-0.2929889
0.31445694
-0.013191581
0.6966871
0.82163787
0.68107545
-0.5613415
0.9363395
0.49633884
-0.3725344
-0.13363361
-0.5194726
-0.018220663
0.81702256
-0.4619193
0.19538188
0.25314987
0.16015697
0.86723936
-0.4701357
-0.6248033
-0.69367695
-0.39339876
-0.07578099
0.20178068
0.16599977
0.7456248
-0.52210104
-0.8173164
-0.13429451
-0.5878378
0.091481924
-0.6408919
0.8267038
-0.17256904
-0.31614673
0.031908512
0.36518967
-0.7197126
-0.41146863
0.5537665
0.64506733
-0.40322137
-0.95127666
-0.26978266
-0.31314898
0.38888502
0.71304023
0.44786954
-0.9331454
-0.041407347
-0.8074763
0.44577205
0.95510125
-0.12245071
-0.25921857
0.2033863
-0.83010244
0.5073751
0.7848302
0.36296523
-0.6903125
-0.0986917
-0.15675032
0.093527675
0.0027576685
-0.7544192
-0.04480207
0.5275022
0.5430038
-0.84866226
-0.60023546
0.58019793
-0.78807294
-0.63115764
-0.34270716
-0.15150082
-0.61379755
0.8202412
0.3562119
0.1617744
-0.034316182
0.9716246
-0.37965667
-0.9606049
-0.9960233
0.5070764
-0.30139577
0.64117575
0.86436296
-0.1742909
-0.90621495
-0.34357023
0.3457849
-0.8626189
0.33814728
-0.6276126
-0.47906148
-0.25475514
0.9757333
-0.6671053
-0.59833074
-0.38396358
-0.25447512
-0.48568678
-0.19754088
0.47592485
0.113188386
0.8093146
0.12371981
-0.3641224
-0.47437847
-0.6459743
-0.65798354
-0.46782267
0.5716411
0.4241712
0.7996192
0.8325441
0.7899233
0.35719132
-0.13743424
-0.044909954
0.4940126
-0.6432644
0.0025978088
0.30613744
0.6623517
0.7616488
0.09806275
0.5751126
0.8036287
0.10302508
0.892519
0.42283428
0.5452994
-0.7491753
-0.34598362
-0.96259034
-0.54680693
-0.5821421
-0.39429748
0.7646793
0.8761538
-0.47313142
0.018701434
0.5840677
0.18149185
-0.7295716
0.74648976
0.11336124
0.02061069
-0.55090094
0.11791444
-0.6138158
-0.18817496
-0.76221824
0.5814376
0.43385398
0.6775936
-0.1884501
0.30029547
0.08019829
-0.98907375
-0.79998326
0.43742728
0.96638083
-0.28838825
-0.1958878
0.44688177
-0.91335225
0.12440097
0.20300245
-0.9821433
0.7402414
0.68190527
0.73497
-0.98230135
0.275867
0.21447444
-0.081156135
0.87648165
0.090614915
0.50374126
0.68772984
0.27983093
-0.4060316
-0.25189054
-0.7387122
-0.8736416
0.08953595
0.65573883
0.4448496
0.70556486
0.373778
-0.48168135
0.40271103
-0.3882674
-0.80518806
-0.8618797
-0.770329
0.5858247
-0.7707782
0.3287611
-0.30871236
-0.76639163
0.8757349
-0.009701967
-0.39743018
-0.7267262
-0.33200705
-0.26851976
-0.21861541
0.8951243
0.49201477
0.59222245
0.19243324
0.15108609
0.85615075
-0.3200971
-0.33281255
-0.37924814
0.2824397
-0.7975656
0.85288465
0.41753912
0.32963765
0.343989
-0.7509866
0.80372167
-0.03765011
0.22677946
-0.6966282
-0.91678214
-0.12847674
0.53168297
0.56371796
0.24897861
-0.86591494
0.56525576
-0.65155566
0.19675767
-0.7398851
0.17058504
0.87505925
0.7043493
0.4821489
-0.94951427
0.36424422
-0.7533008
-0.8580973
-0.8739706
-0.55316603
0.9105034
-0.44509315
0.4698155
-0.10056031
0.9311663
-0.10536599
-0.73348546
0.01105237
0.8506777
-0.17278397
-0.045938253
-0.041466475
0.043717504
0.019640684
-0.86529493
0.69537485
0.8440223
0.69346166
0.61944246
0.8186821
0.092865944
-0.66112924
0.84198344
0.4884839
0.4018185
-0.94194686
-0.7347584
0.076862216
0.4543997
-0.9290943
0.87679994
0.19901824
-0.6462883
0.27051115
-0.3417244
-0.9675708
0.34977615
0.7215688
0.40183103
0.30315042
0.65148973
-0.70514417
0.47624445
-0.51919115
0.7505065
0.6485621
0.31222606
0.07784116
-0.5291723
0.20808256
-0.66443574
-0.472728
-0.57241654
-0.85410297
-0.16301525
-0.01874137
0.7568159
-0.609908
-0.5047041
-0.87455773
-0.20334983
-0.057291865
0.7877742
0.36879933
-0.8030292
-0.90248156
-0.19270098
0.7033919
0.95374477
0.12237382
0.6942611
0.32260776
-0.2441752
-0.49352348
-0.7262429
-0.5391184
0.35309923
-0.35831082
-0.9877019
0.62443805
-0.6319201
0.7643292
-0.82326746
-0.2954955
-0.052390695
-0.13382912
-0.64892757
0.7161578
-0.837299
0.108152986
0.16042948
-0.066800475
-0.70576656
-0.16360378
-0.7624142
0.8691474
-0.32178652
0.6876582
0.87535596
0.29479837
-0.87927866
-0.6583897
-0.6783954
-0.2767012
0.92986333
0.37289715
0.83459234
-0.4950229
0.15670943
-0.69933665
0.12148297
-0.14172626
0.9021863
0.5321752
0.9858905
0.35318494
0.6513655
0.4366653
0.42102587
0.12413275
0.065924406
0.53315246
-0.83065975
-0.4841746
-0.06859827
0.78057647
-0.75017095
-0.91460025
-0.14388144
-0.44979203
0.10885978
0.55516994
0.5974183
-0.8497205
-0.9857086
-0.87791955
-0.30140352
-0.8462888
0.8767792
0.7031851
0.51318014
-0.5744947
0.79376996
-0.51689386
0.1349647
0.111926556
0.874302
0.31265914
-0.38843226
-0.8246844
0.076104164
0.9021263
0.8716072
0.85385466
0.28664708
0.70371675
-0.27741277
-0.006328225
0.27900887
0.26252806
0.16608024
-0.8786092
0.70018756
-0.45798826
0.12296295
-0.24005353
0.2885964
-0.76198673
-0.13531458
0.4817618
0.109918475
0.8555949
-0.68652344
0.9650668
0.9435576
-0.16298354
0.61789334
-0.4237244
-0.10089743
-0.66934764
0.6493583
0.23030043
-0.096707344
0.34370053
0.32568157
0.24900329
-0.46104264
-0.37798274
-0.11932337
0.19452858
0.660553
-0.7247801
-0.29726064
-0.9709157
-0.26523793
-0.9274434
0.4038118
0.057175636
-0.40608215
0.6643958
0.0038841963
0.832929
0.535781
0.45624304
-0.9182589
-0.7622056
0.9026967
-0.7711034
-0.5870756
0.20766568
-0.47008634
0.14291942
-0.13999736
-0.15036726
-0.9733876
0.8024764
0.37359476
-0.045235038
0.6599958
0.42847133
0.08684778
-0.016662002
-0.27511334
-0.21922874
0.22907817
-0.44715726
0.42719686
0.6823224
-0.55977166
-0.84171975
0.37411726
-0.72639024
-0.062975526
0.44123006
-0.7120315
0.4348737
-0.32908893
-0.2771933
-0.75840366
-0.84225214
0.33985937
-0.06902957
-0.09548187
0.56070876
0.9901469
-0.5289345
0.50049126
0.2883867
0.4955747
0.27748597
0.57479644
0.3090912
-0.13803232
-0.70713186
0.57557
-0.24520802
-0.08792329
0.27923143
-0.3534956
0.091481924
-0.795678
-0.71561766
0.042922616
0.25477993
0.178563
-0.3407675
-0.98936355
0.6565113
-0.44010067
-0.57871723
-0.24560773
0.41479337
-0.54971325
-0.55851614
-0.12640023
0.5660379
0.6666391
0.6323087
0.11719835
0.19674039
-0.48154092
0.5517608
-0.07704246
-0.26836514
-0.9604449
0.91000986
0.53149724
0.40972424
-0.21506786
-0.04752612
-0.26963496
-0.8209553
0.6696501
0.956787
-0.12660682
-0.21575594
-0.63830876
0.7637781
-0.22372043
0.17884612
0.7523359
0.7881646
0.6081779
-0.93159807
-0.27191734
0.028223753
-0.1654557
-0.5852181
0.4769125
0.70155895
0.6283405
-0.82989943
-0.09591353
-0.9561864
-0.37904215
0.9568988
0.3403033
-0.93236554
0.23315942
-0.5038272
-0.06415951
0.520411
-0.41153944
0.46485162
0.19238305
-0.487332
0.8014481
-0.67116237
0.64000773
0.20702171
-0.4574195
0.26743126
0.27687442
-0.76582944
0.6562979
-0.66817474
0.016474009
0.09254742
0.354303
-0.25242543
0.9009311
0.42834187
0.3804214
0.09297383
-0.48575068
-0.199808
0.46353638
-0.19217896
-0.95183253
0.1067642
0.41296875
-0.012951493
0.42334092
0.37577367
0.09486842
-0.9006176
0.24403095
-0.058933258
0.14345598
-0.41801035
0.06575346
0.3127805
0.14832008
-0.8313061
-0.7109413
-0.8018774
-0.08429575
0.3137468
-0.8283359
-0.63792014
-0.4186809
-0.29147887
0.09469843
0.31466722
-0.63553715
-0.78068674
-0.147789
-0.5582266
0.76413393
-0.30360198
0.7880132
0.20905542
-0.67035365
-0.85547686
-0.08177745
-0.20723379
0.7695199
-0.63862526
-0.5042671
-0.9607971
0.22788799
-0.9673692
-0.05539155
-0.5818031
-0.15164948
-0.3592428
0.7747536
-0.21041489
-0.79162586
-0.348356
0.4430201
-0.20004547
0.44651675
0.07172489
0.52532756
0.80649555
-0.3203106
0.43283343
-0.21921647
0.9030843
-0.96560204
0.9084139
0.4048276
-0.8004066
-0.13332891
0.9697981
-0.92800653
-0.4410355
0.7487196
0.6632569
-0.74589026
-0.11090195
-0.0589664
0.16691577
0.16705215
-0.53928614
-0.61236894
0.24207628
0.8551376
-0.9981835
-0.03320849
-0.9720378
-0.92017615
0.20936656
0.6533518
-0.62437475
0.45767534
-0.6944815
-0.58872545
-0.35986304
-0.28303075
-0.8830694
0.70274925
0.1459812
0.9444941
-0.5799991
-0.70520747
-0.9643153
-0.3880875
-0.19747567
-0.95527184
0.06439197
-0.75132203
-0.34548807
0.18677759
0.30275595
0.51628566
0.01036191
0.6143261
-0.6221149
0.69325745
-0.50496626
-0.7965096
0.56910205
0.16458488
-0.46656156
0.45692587
0.06514847
-0.70746267
-0.9987489
0.9221498
0.29665554
-0.69683564
-0.35565734
-0.12798893
-0.6721041
-0.26387227
0.6718583
0.69860566
0.7019974
0.16258383
0.014704466
-0.90559244
0.29213524
-0.22917283
-0.3018093
0.26044106
0.0571661
0.9527168
-0.25264013
0.63196623
-0.89554226
0.00214684
0.9499887
0.64466035
-0.872782
-0.32708406
-0.1496017
-0.76783717
0.64167106
-0.24359298
0.52343583
0.55887663
-0.9345982
-0.44507527
-0.75016904
-0.8838984
0.64780295
0.5759753
0.23043609
-0.9328128
-0.28624082
-0.20588696
-0.7322998
0.596928
0.2707038
-0.83564055
-0.980572
0.1366843
0.44642282
0.8750069
0.38502705
0.49067068
-0.30881965
-0.8454944
-0.0081425905
-0.9721842
-0.55516887
-0.24002922
0.06407058
-0.1689527
0.82079613
-0.057204366
-0.58523905
0.77157986
0.60853434
0.48529506
-0.57804525
0.3157879
0.89017606
-0.9871243
0.9287411
-0.95120347
0.18221962
0.2968272
-0.3722092
-0.3594613
-0.8421416
-0.33240867
0.01193893
-0.32852876
-0.38096392
0.35768127
0.038008213
-0.58256674
-0.05956328
0.89394295
0.68444157
0.5635264
-0.7977475
-0.72655535
-0.7103206
-0.27107418
0.69794106
0.20511615
0.42388964
-0.35205483
0.5117351
-0.7943008
-0.16079593
-0.46649718
0.0041086674
-0.26471567
0.3118739
-0.63036287
0.94868565
0.18255591
-0.23620105
0.11839962
0.8893986
0.6070185
-0.45795476
-0.28190148
0.22153246
0.36530125
-0.964188
-0.4145291
0.265306
0.6477822
0.5946832
0.5612104
0.9478204
0.49313772
0.93496394
-0.040129066
0.921739
-0.09887123
-0.3811978
0.86127734
-0.65860057
-0.49660528
0.78119326
0.9272245
0.9349183
-0.9401401
-0.1383009
0.9166812
-0.6688355
-0.5875243
-0.2491374
-0.5665227
0.23146927
-0.05745697
0.34717464
0.15728498
0.3970517
0.94319916
-0.81834006
0.42263365
-0.47492695
0.44142914
-0.5725095
-0.7810087
-0.089050174
-0.9029201
0.47660685
0.841107
0.87525177
0.98894954
-0.6795486
-0.96737754
0.8346386
-0.104511976
-0.5148331
0.7034186
-0.28643727
-0.47838748
-0.70817125
-0.5154426
-0.7461808
-0.14848304
0.06951964
-0.5074985
-0.65931916
-0.8357377
-0.24532843
-0.15867555
-0.5832448
0.38477576
-0.54335034
-0.5411216
0.6185509
-0.58569837
-0.76912224
0.57761514
0.6979941
0.3542192
-0.068024516
-0.51350045
-0.13500392
-0.5253793
0.85672915
-0.49304867
-0.7779056
-0.84048593
-0.5521804
0.10904181
0.8038691
-0.4343841
0.91291726
0.18650043
0.7592368
0.4493333
-0.1998955
-0.011014104
-0.1679591
0.5408218
0.72092056
-0.54769826
0.94404733
0.37535977
-0.8307698
0.71280396
-0.16478348
-0.06267762
-0.82858324
-0.36156714
-0.12908101
0.54367244
0.02617395
0.10910618
0.3177818
-0.28875566
0.13674664
-0.45659304
0.68356717
0.3405763
-0.32757366
0.4626099
0.7075759
-0.65971935
-0.9317305
0.5293627
-0.09649122
0.14783275
-0.98754203
0.97531056
-0.64530087
-0.28067076
0.19078255
0.27437007
0.9316088
0.112630844
-0.45001113
-0.38275027
0.96415806
0.33197427
-0.11999929
0.6454427
-0.59121
0.60053766
-0.9455899
0.11279023
-0.014637351
0.54967797
-0.9545734
-0.080387354
-0.06354499
0.23505116
0.861287
-0.775674
0.8271862
-0.40780866
-0.36023855
-0.8473103
0.034124374
-0.48472774
0.35094917
-0.27613342
-0.32449567
0.6768316
-0.22265685
-0.11990893
-0.84875643
0.40360355
0.79175186
-0.5160439
-0.83916485
-0.80908215
0.36792123
-0.4686036
0.052071214
0.98827016
-0.5603272
0.9728975
0.15690005
0.340793
-0.34159195
-0.049955487
0.9570068
-0.6491462
-0.4465176
0.10527325
0.5866345
0.6625047
0.62407255
-0.76814306
-0.5493244
0.106915
0.8148097
0.87726367
-0.7296257
0.023354888
-0.23802614
-0.2691617
-0.64346325
0.73817563
-0.4650029
0.5072874
-0.42834795
0.30017173
0.5132574
-0.47203195
-0.4702624
0.7976202
0.98572326
0.90599465
0.8792385
-0.21070445
0.2772634
0.91846466
0.83438694
-0.6557332
-0.79205656
0.21566892
-0.19023395
0.5849117
0.77923155
-0.4547305
0.44837606
0.5522485
0.73378086
0.88760066
-0.5765227
-0.34349406
-0.58529425
-0.30873787
-0.9216739
0.33923733
-0.2014215
0.30701792
-0.28365743
-0.83714485
0.117577076
0.93998456
0.66919863
0.07213342
-0.17460203
0.32867038
0.18499398
-0.34089053
0.28502846
0.92441845
-0.24244726
